b.source_id	c.target_id	weight	release
143	28	0.018091525	2
143	35	0.043631021	2
143	48	0.012102325	2
143	53	0.006262394	2
143	76	0.058349866	2
143	88	0.008164032	2
143	118	0.089262379	2
143	143	0.012917215	2
143	159	0.055043087	2
143	166	0.018100967	2
143	170	0.099005	2
143	171	0.072384215	2
143	173	0.416464219	2
143	203	0.022104155	2
143	206	0.005243535	2
143	207	0.001832505	2
143	212	0.107194098	2
143	217	0.008681309	2
143	220	0.023360815	2
143	241	0.002641424	2
304	1	0.057033764	2
304	28	0.003135226	2
304	35	0.040875865	2
304	42	0.01656924	2
304	47	0.006443024	2
304	48	0.003137744	2
304	53	0.010305071	2
304	56	0.004467869	2
304	76	0.053421657	2
304	88	0.003330573	2
304	132	0.008719412	2
304	135	0.00827902	2
304	143	0.00802403	2
304	159	0.018184528	2
304	166	0.003135508	2
304	170	0.015095099	2
304	171	0.166944908	2
304	173	0.014399533	2
304	200	6.430868167	2
304	203	0.016215802	2
304	206	0.005501307	2
304	207	0.001499545	2
304	212	0.020418345	2
304	217	0.003280696	2
304	220	0.013944508	2
304	241	0.003094609	2
304	242	0.003849008	2
304	243	0.002554106	2
304	248	0.006661297	2
304	258	0.011154196	2
373	35	0.040034669	2
373	53	0.002747451	2
373	63	0.001296946	2
373	143	0.007872132	2
373	159	0.01450397	2
373	171	0.024813588	2
373	200	0.001195817	2
373	206	0.004055273	2
373	207	0.001219346	2
373	242	0.002244547	2
373	243	0.002547126	2
373	258	0.013205126	2
391	159	0.049615413	2
391	171	0.034435262	2
399	1	0.096262638	2
399	28	0.001485404	2
399	42	0.007619463	2
399	48	0.001485969	2
399	53	0.003205925	2
399	76	0.083689012	2
399	88	0.001556359	2
399	136	0.002456699	2
399	143	0.005737743	2
399	159	0.010376603	2
399	166	0.001485467	2
399	171	0.03206555	2
399	173	0.066437556	2
399	206	0.003588856	2
399	217	0.001517278	2
457	118	0.052789949	2
457	143	0.012880964	2
457	159	0.039969433	2
457	203	0.25152487	2
457	212	0.538020086	2
143	258	0.008633206	2
143	276	0.021002178	2
143	279	0.004506755	2
143	295	214.2857143	2
143	304	0.009177768	2
143	309	0.002004983	2
143	310	0.035052925	2
143	315	0.002573177	2
143	320	0.036860018	2
143	325	0.002557174	2
143	335	0.002415797	2
143	365	6.787330317	2
143	371	0.251638647	2
143	373	0.013586079	2
143	391	0.023936801	2
143	399	0.026849143	2
143	427	0.007661648	2
143	457	0.012525591	2
143	463	0.190728648	2
304	276	0.013796162	2
304	279	0.009674486	2
304	295	0.006541246	2
304	301	0.004323466	2
304	304	0.007606555	2
304	309	0.00131158	2
304	315	0.002432666	2
304	320	0.006878708	2
304	325	0.003117964	2
304	333	0.031426564	2
304	335	0.002209383	2
304	344	0.002548605	2
304	346	0.005647029	2
304	361	0.00474188	2
304	365	0.206464096	2
304	371	0.149916047	2
304	373	0.010326531	2
304	380	0.00366837	2
304	391	0.024547293	2
304	399	0.021664471	2
304	424	0.002344341	2
304	427	0.007754012	2
304	449	0.007414444	2
304	457	0.009659786	2
304	463	0.063334719	2
373	304	0.005810941	2
373	319	0.042062424	2
373	320	0.002677957	2
373	325	0.002109587	2
373	333	0.006717082	2
373	344	0.002822749	2
373	373	0.014595981	2
373	380	0.001999216	2
373	391	0.026236007	2
373	399	0.018553563	2
373	427	0.011506744	2
373	449	0.0048096	2
373	457	0.003495578	2
373	463	0.042861567	2
391	391	0.057633097	2
391	399	0.0091365	2
391	457	0.006282212	2
391	463	0.068917149	2
399	258	0.008630677	2
399	276	0.012544536	2
399	304	0.004525157	2
399	309	0.000895495	2
399	319	0.001466759	2
399	346	8.403361345	2
399	361	0.001873805	2
399	371	0.004840627	2
399	373	0.007700493	2
399	391	0.016053931	2
399	399	0.016967557	2
399	457	0.004815331	2
399	463	0.067961444	2
457	258	0.72446269	2
457	276	0.621118012	2
457	304	0.010738975	2
457	310	0.011663077	2
457	320	0.01613533	2
457	380	0.004281344	2
457	391	0.010582284	2
457	399	0.028362374	2
457	457	0.017633146	2
28	143	0.003941555	2
28	173	0.003941555	2
42	42	0.018816758	2
47	47	0.086767896	2
47	135	0.12287654	2
48	28	3.921568627	2
48	143	0.011794075	2
48	166	4.405286344	2
48	173	5.050505051	2
53	53	1	2
76	76	1	2
76	143	1	2
88	28	0.032581426	2
88	88	0.143396587	2
88	166	0.03261224	2
89	143	0.177920114	2
126	126	2.381661209	2
132	143	0.002922503	2
132	159	0.011066395	2
132	207	0.002362601	2
136	159	0.017141192	2
136	242	0.017466639	2
146	146	12.7388535	2
170	170	1	2
171	143	0.485751295	2
200	159	363.6363636	2
200	200	270.2702703	2
203	143	0.701016474	2
203	203	1.291433491	2
203	212	176.4705882	2
203	276	0.072809349	2
206	143	0.003065407	2
220	28	0.004699314	2
220	48	0.004704975	2
220	88	0.005491347	2
220	143	0.012556924	2
220	166	0.004699933	2
220	173	111.1111111	2
220	217	0.005033865	2
220	220	0.049753594	2
242	159	17.09401709	2
242	242	0.715051841	2
248	28	0.003793101	2
248	48	0.003796788	2
248	88	0.004292878	2
248	143	0.00429314	2
248	166	0.003793509	2
248	173	0.057172953	2
248	217	0.004008118	2
248	220	0.019670067	2
258	143	0.00950329	2
258	206	0.010522375	2
258	276	2.259887006	2
276	258	1.432151808	2
276	276	0.039412183	2
279	159	2000	2
279	279	2000	2
295	143	0.289687138	2
295	295	0.235058332	2
301	301	0.059038531	2
304	467	0.000933869	2
315	159	1.216545012	2
319	28	0.003781226	2
319	48	0.00378489	2
319	88	0.004277676	2
319	143	0.003891327	2
319	166	0.003781637	2
319	173	0.083747291	2
319	217	0.00399486	2
319	220	0.018057943	2
319	248	0.054675361	2
320	143	0.02702934	2
320	295	500	2
325	143	0.038732292	2
325	159	0.070045179	2
335	143	0.042117381	2
335	159	0.209966405	2
360	159	1	2
371	143	14.36265709	2
380	143	1	2
442	159	2.721088435	2
449	143	1	2
463	143	0.037905463	2
463	171	0.030822986	2
28	304	0.002292921	2
28	309	0.002254883	2
42	399	0.019579666	2
47	304	0.015113058	2
47	329	0.005584486	2
48	304	0.002291575	2
48	309	0.002253582	2
53	399	1	2
68	399	0.020211703	2
89	304	0.044780798	2
89	391	0.01775253	2
89	399	0.182615047	2
98	304	0.012165456	2
98	365	0.012371942	2
118	304	0.010195177	2
126	373	0.023965585	2
132	444	0.003624318	2
132	457	0.003126449	2
135	304	0.012070421	2
135	329	0.005850382	2
136	304	0.017866395	2
136	373	0.037125726	2
136	399	0.011137098	2
146	399	19.10828025	2
159	304	0.003001832	2
170	304	7.782101167	2
171	304	0.897263347	2
200	304	2000	2
200	399	1	2
203	304	0.161948565	2
203	457	0.207382829	2
206	304	0.010659305	2
206	399	0.026405429	2
220	309	0.00152374	2
220	319	0.08760403	2
220	361	0.013651318	2
242	304	8.547008547	2
248	304	0.007172533	2
248	309	0.001414188	2
248	319	0.052814687	2
248	361	0.008058526	2
248	399	0.019666392	2
258	304	0.010861145	2
258	373	0.123871394	2
276	304	0.045943184	2
276	399	0.079703049	2
276	457	1000	2
295	304	0.15007569	2
295	320	2.398081535	2
295	346	0.080839039	2
295	391	1.26227209	2
295	399	0.074870314	2
301	304	0.092230402	2
315	335	1.216545012	2
319	304	0.007509723	2
319	309	0.001412534	2
319	319	0.054036097	2
319	361	0.008005113	2
319	373	0.044156497	2
320	320	9.708737864	2
320	391	100	2
325	325	0.028988028	2
325	373	0.050775597	2
329	304	0.00142152	2
333	333	43.47826087	2
333	373	208.3333333	2
335	304	0.014307047	2
335	315	0.029915041	2
335	335	0.057867022	2
335	457	0.004804251	2
360	360	1	2
365	304	0.114840097	2
365	365	0.140663163	2
371	304	7.547169811	2
371	371	6.334125099	2
371	399	250	2
380	380	1	2
391	373	0.005590441	2
427	304	0.040497776	2
427	373	0.294590252	2
442	442	0.013397104	2
449	449	1000	2
463	373	0.076561251	2
463	391	0.064703013	2
35	35	0.046898353	2
88	48	0.032855469	2
88	143	0.013092993	2
88	173	0.085198228	2
143	45	1.100455903	2.1
143	116	0.008587223	2.1
143	148	0.011959796	2.1
166	28	35.71428571	2
166	143	0.003941104	2
166	173	35.71428571	2
171	463	0.574910889	2
217	28	0.070708856	2
217	48	0.072012386	2
217	88	3.546099291	2
217	143	0.014561457	2
217	166	0.070854147	2
217	173	29.85074627	2
304	13	0.080123711	2.1
304	14	0.03804017	2.1
304	24	0.167560322	2.1
304	25	0.00550052	2.1
304	30	0.154904269	2.1
304	33	0.037990132	2.1
304	45	0.0125103	2.1
304	54	0.013422939	2.1
304	65	0.011426169	2.1
304	89	0.012982943	2.1
304	108	0.025440833	2.1
304	112	0.012529832	2.1
304	116	0.008607522	2.1
304	120	0.063924314	2.1
304	122	0.010275297	2.1
304	126	0.013704544	2.1
304	131	0.007484778	2.1
304	133	0.006925993	2.1
304	136	0.003747606	2.1
304	141	0.003694606	2.1
304	148	0.012068805	2.1
304	150	0.004849425	2.1
304	168	0.476644423	2.1
304	172	0.041159039	2.1
304	178	0.005199181	2.1
304	181	0.007988121	2.1
304	185	0.003866106	2.1
304	188	0.011902353	2.1
304	194	0.863930886	2.1
304	195	0.079765596	2.1
304	196	0.00573607	2.1
304	205	0.15737017	2.1
361	28	0.007166198	2
361	48	0.007179369	2
361	88	0.00918687	2
361	143	0.005801384	2
361	166	0.007167688	2
361	173	0.982318271	2
373	10	0.063809694	2.1
373	13	0.13408497	2.1
373	14	0.030086408	2.1
373	24	0.050699062	2.1
373	25	0.025625913	2.1
373	28	0.00319999	2.1
373	34	0.036106086	2.1
373	48	0.003202613	2.1
373	60	0.689179876	2.1
373	88	0.003548515	2.1
373	102	0.099920064	2.1
373	122	0.012224939	2.1
373	132	0.012538877	2.1
373	133	0.006617883	2.1
373	134	0.007357594	2.1
373	150	0.026690154	2.1
373	164	0.067787523	2.1
373	166	0.003200287	2.1
373	173	0.069147513	2.1
373	178	0.042381861	2.1
373	185	0.11615751	2.1
373	195	0.07671565	2.1
373	203	0.011103037	2.1
373	212	0.025200305	2.1
403	42	1.332001332	2
424	56	0.022294804	2
457	34	0.13922535	2.1
457	68	0.024538956	2.1
463	463	0.06989345	2
35	241	0.002613782	2
35	304	0.011792589	2
35	373	0.02553618	2
56	304	0.005094591	2
88	217	0.050210886	2
88	304	0.003543104	2
88	309	0.002108926	2
143	216	0.355423439	2.1
143	275	0.125897737	2.1
143	288	0.036783188	2.1
143	302	20.83333333	2.1
143	333	0.030668575	2.1
143	352	0.119770725	2.1
143	396	0.149382552	2.1
166	304	0.002292768	2
166	309	0.002254736	2
217	217	0.038607057	2
217	304	0.002220902	2
217	309	0.002185193	2
304	216	0.029560505	2.1
304	219	0.011061929	2.1
304	221	0.075285142	2.1
304	236	0.020985992	2.1
304	240	0.009299823	2.1
304	266	0.0023286	2.1
304	267	0.016671799	2.1
304	268	0.016916753	2.1
304	275	0.080650736	2.1
304	282	0.040947805	2.1
304	283	0.0533633	2.1
304	288	0.126914291	2.1
304	293	8.771929825	2.1
304	299	0.155666252	2.1
304	310	0.030804059	2.1
304	316	0.012560342	2.1
304	317	0.441501104	2.1
304	319	0.003830663	2.1
304	352	0.024705388	2.1
304	367	0.029643728	2.1
304	395	0.002233248	2.1
304	396	0.011193132	2.1
304	410	0.013021486	2.1
304	430	0.288954706	2.1
304	434	0.057400613	2.1
304	442	0.013201407	2.1
304	443	0.017754358	2.1
304	444	0.002149654	2.1
346	295	3.162555345	2
346	304	0.36504344	2
346	346	0.259759537	2
346	391	7.421150278	2
346	399	0.228571429	2
361	217	0.007974386	2
361	304	0.004354339	2
361	309	0.001715186	2
373	217	0.003351673	2.1
373	220	0.008919321	2.1
373	226	0.045859711	2.1
373	241	0.002314308	2.1
373	248	0.02651051	2.1
373	266	0.021954138	2.1
373	276	0.017705986	2.1
373	288	0.018631862	2.1
373	293	0.018084491	2.1
373	295	0.4	2.1
373	308	0.014863553	2.1
373	309	0.001322779	2.1
373	310	0.034140501	2.1
373	328	0.106658134	2.1
373	352	0.08494132	2.1
373	361	0.005781784	2.1
373	364	0.036506565	2.1
373	367	0.019393751	2.1
373	371	0.050999592	2.1
373	442	0.00462932	2.1
373	443	0.102147654	2.1
403	304	1.990049751	2
403	399	3.96039604	2
403	403	200	2
424	304	0.027120817	2
424	424	0.013767783	2
457	369	0.165535507	2.1
457	373	0.005545342	2.1
457	430	0.607256718	2.1
13	13	0.169836329	2.1
34	34	7.212776919	2.1
34	159	51.28205128	2.1
68	10	0.006334727	2.1
68	68	0.022373949	2.1
68	132	0.009891556	2.1
68	143	0.00676987	2.1
68	159	0.014278269	2.1
68	207	0.001739415	2.1
68	276	0.050525465	2.1
71	71	1	2.1
89	89	0.041106904	2.1
89	159	0.031630955	2.1
108	108	0.113253243	2.1
132	132	0.049386166	2.1
132	141	0.031442586	2.1
132	226	0.047506916	2.1
133	133	1.31302521	2.1
133	143	0.599340725	2.1
143	449	0.0037219	2.1
143	1	0.00994629	2.1
143	10	0.007946091	2.1
143	24	0.115362541	2.1
143	25	0.697836706	2.1
143	30	0.245519273	2.1
143	33	0.043037285	2.1
143	42	0.016791446	2.1
143	68	0.029550933	2.1
143	84	38.46153846	2.1
143	89	0.015171788	2.1
143	108	0.073129708	2.1
143	112	0.012672757	2.1
143	132	0.006593131	2.1
143	133	0.023285056	2.1
143	141	0.856164384	2.1
143	149	0.132105486	2.1
143	164	0.043033465	2.1
143	188	0.088059563	2.1
143	195	0.065264779	2.1
143	205	0.438837082	2.1
143	221	0.276076699	2.1
143	240	0.008707208	2.1
143	248	0.071319554	2.1
143	267	1.444043321	2.1
143	268	0.014848752	2.1
159	10	0.044973803	2.1
159	14	0.026826833	2.1
159	33	0.021731771	2.1
159	34	0.041966553	2.1
159	159	0.019013092	2.1
159	243	0.002255288	2.1
205	143	14.92537313	2.1
205	205	33.70786517	2.1
212	143	0.014130224	2.1
212	203	0.01209442	2.1
212	212	0.033992559	2.1
238	238	0.617821337	2.1
272	272	0.109009647	2.1
283	30	0.131078778	2.1
283	143	0.281293952	2.1
293	159	1	2.1
304	458	0.027156694	2.1
310	159	0.496801838	2.1
310	243	0.002251403	2.1
373	451	0.011752235	2.1
391	258	0.056501279	2.1
399	10	0.030958036	2.1
399	30	0.048167237	2.1
399	71	0.034695117	2.1
399	84	0.659739403	2.1
399	102	0.030381681	2.1
399	104	0.441956394	2.1
399	122	0.011245052	2.1
399	132	0.011675014	2.1
399	195	0.093992913	2.1
399	226	0.138561729	2.1
399	266	0.142918394	2.1
399	272	0.109721308	2.1
451	118	0.016138325	2.1
451	143	0.020351988	2.1
451	159	0.396510706	2.1
451	203	0.01135985	2.1
451	212	0.069385309	2.1
451	258	0.02151544	2.1
13	373	0.19920177	2.1
34	373	21.00840336	2.1
34	399	1	2.1
68	304	0.00592193	2.1
68	333	0.033898305	2.1
68	352	0.025720165	2.1
68	444	0.002338867	2.1
68	449	0.003517052	2.1
68	457	0.00563471	2.1
71	399	1	2.1
89	373	0.029659509	2.1
108	391	1	2.1
108	399	0.114911159	2.1
132	304	0.002932402	2.1
132	373	0.030544331	2.1
132	399	0.060419428	2.1
133	304	0.036051255	2.1
133	373	0.600781015	2.1
143	282	5.474452555	2.1
143	284	1.380318285	2.1
143	293	0.023730141	2.1
143	316	0.011190314	2.1
143	319	0.063953674	2.1
143	361	0.007387325	2.1
143	367	0.070589635	2.1
143	380	0.002236375	2.1
143	384	0.834724541	2.1
143	395	0.002298399	2.1
143	410	0.010180334	2.1
143	444	0.001538223	2.1
143	451	0.076328387	2.1
159	293	0.019045201	2.1
159	310	0.050661311	2.1
159	325	0.001824317	2.1
159	344	0.002325585	2.1
159	373	0.007570118	2.1
159	451	2.610966057	2.1
159	457	0.00184602	2.1
205	304	44.7761194	2.1
212	304	0.018762718	2.1
212	367	0.014503894	2.1
212	373	0.019829821	2.1
212	399	0.009478209	2.1
212	457	0.01274979	2.1
272	399	0.152018039	2.1
283	283	27.02702703	2.1
283	304	0.531208499	2.1
283	434	16.48351648	2.1
293	293	1	2.1
299	299	1	2.1
299	304	1	2.1
310	304	0.005455663	2.1
310	310	0.030339591	2.1
310	344	0.002247125	2.1
310	395	0.002261601	2.1
310	451	0.139333984	2.1
310	457	0.002366259	2.1
367	288	0.021192278	2.1
367	367	0.242174552	2.1
367	399	0.017824676	2.1
391	304	0.004047956	2.1
391	335	0.003169713	2.1
391	410	6.172839506	2.1
391	427	0.013298403	2.1
399	278	0.08148631	2.1
399	283	0.04437476	2.1
399	339	7.462686567	2.1
399	410	0.003007205	2.1
399	427	0.020128868	2.1
399	433	0.780031201	2.1
427	427	0.042648618	2.1
434	283	125	2.1
434	304	250	2.1
434	434	66.66666667	2.1
451	276	0.021416578	2.1
451	295	0.019088185	2.1
451	304	0.020669341	2.1
451	310	0.075749924	2.1
451	346	0.016001728	2.1
451	373	1.227596366	2.1
451	391	0.022822192	2.1
451	399	0.020516728	2.1
463	304	0.03405174	2.1
463	399	0.070709789	2.1
10	10	0.101281207	2.1
10	143	0.016757865	2.1
10	159	20.4778157	2.1
30	30	1	2.1
33	33	0.032831481	2.1
33	143	0.046735087	2.1
33	159	0.057595724	2.1
45	45	1.27754711	2.1
45	143	0.083418738	2.1
45	188	0.06050046	2.1
45	267	1.499250375	2.1
60	60	1	2.1
84	84	1	2.1
102	102	0.290585045	2.1
104	104	1	2.1
112	112	0.01604397	2.1
112	143	0.022083005	2.1
120	172	0.033553669	2.1
122	122	0.006280632	2.1
126	196	1	2.1
134	159	0.016022816	2.1
143	458	0.045877873	2.1
164	164	0.104567967	2.1
172	172	1.63132137	2.1
173	173	0.07192142	2.1
188	45	0.016985535	2.1
188	143	0.017413867	2.1
188	188	0.017470358	2.1
188	267	0.01562964	2.1
194	194	0.475209884	2.1
195	195	0.094621214	2.1
212	463	0.008093758	2.1
221	143	0.019479295	2.1
221	221	4.518072289	2.1
221	268	0.009534191	2.1
221	275	0.131134165	2.1
226	132	0.0480243	2.1
226	226	0.060197448	2.1
231	231	1	2.1
236	120	0.08469552	2.1
236	172	0.024032107	2.1
258	10	0.046286921	2.1
258	159	0.02853637	2.1
258	258	0.071949412	2.1
267	45	0.014034613	2.1
267	143	0.012702006	2.1
267	188	0.012844851	2.1
267	267	0.01608348	2.1
268	143	1	2.1
268	268	1	2.1
275	143	0.018981624	2.1
275	221	0.124155484	2.1
275	268	0.009414423	2.1
275	275	0.111153455	2.1
276	10	11.49425287	2.1
276	112	0.015162066	2.1
276	143	0.023073119	2.1
278	30	0.117799505	2.1
278	143	0.226500566	2.1
282	143	0.010192295	2.1
284	143	1.636426275	2.1
287	116	0.008357958	2.1
287	240	0.008471591	2.1
319	25	0.160594659	2.1
319	150	0.10822218	2.1
319	178	0.066680003	2.1
319	185	9.036144578	2.1
319	266	0.037947514	2.1
333	68	0.516996252	2.1
333	143	0.026070776	2.1
339	30	0.048480147	2.1
339	143	0.060408361	2.1
365	98	0.098775188	2.1
365	143	0.099950025	2.1
367	463	0.018313677	2.1
369	116	0.123114805	2.1
369	240	0.453823463	2.1
396	143	0.138094844	2.1
396	188	0.113703121	2.1
410	10	0.011710013	2.1
410	143	0.011951399	2.1
410	258	0.006643514	2.1
443	159	0.013436526	2.1
451	457	0.011732132	2.1
10	304	0.00983959	2.1
10	373	0.005701352	2.1
10	399	0.031302397	2.1
10	449	0.003781447	2.1
30	304	1	2.1
33	304	0.040303891	2.1
45	396	0.106315118	2.1
45	399	0.319420784	2.1
54	304	0.019070722	2.1
54	399	0.021921171	2.1
60	373	1	2.1
84	399	1	2.1
102	373	3.164556962	2.1
102	399	4.323656578	2.1
104	399	1	2.1
112	276	0.024919989	2.1
112	304	0.028187127	2.1
120	304	0.037512191	2.1
122	373	0.005241883	2.1
134	304	0.016022816	2.1
134	373	0.015766032	2.1
134	442	0.007237906	2.1
164	373	0.187462898	2.1
168	304	5.988023952	2.1
168	317	5.988023952	2.1
172	304	1.63132137	2.1
173	319	0.043897903	2.1
173	373	0.014495327	2.1
188	396	0.016240577	2.1
188	399	0.160097339	2.1
194	304	0.263782643	2.1
195	304	0.15660726	2.1
195	373	0.170299728	2.1
221	304	0.009539421	2.1
226	373	0.081711472	2.1
226	399	0.068758058	2.1
231	399	1	2.1
236	304	0.033807007	2.1
258	410	11.23595506	2.1
267	304	0.020332674	2.1
267	396	0.013044088	2.1
267	399	0.157750478	2.1
275	304	0.012059324	2.1
276	373	0.007601875	2.1
276	449	0.003780204	2.1
278	283	1.162790698	2.1
278	304	0.575484366	2.1
282	282	1.204819277	2.1
282	373	0.00584243	2.1
284	284	1.27291726	2.1
287	287	0.02720002	2.1
287	304	0.01276909	2.1
287	369	0.008632771	2.1
287	373	1.523229246	2.1
308	308	1	2.1
308	328	1	2.1
317	304	1	2.1
317	317	1	2.1
319	399	0.022983386	2.1
328	308	0.012305673	2.1
328	328	0.137066929	2.1
328	373	0.022631091	2.1
330	330	1	2.1
330	373	1	2.1
333	304	0.021099049	2.1
339	278	0.082385896	2.1
339	283	0.076934913	2.1
339	304	0.072293512	2.1
364	364	0.008032042	2.1
364	399	0.006261241	2.1
369	304	0.002460741	2.1
369	430	500	2.1
396	396	3.401360544	2.1
396	399	0.253485425	2.1
410	304	0.009673935	2.1
410	391	0.007120459	2.1
410	399	0.00689508	2.1
410	410	0.012969587	2.1
430	304	1.542614732	2.1
430	369	0.170721297	2.1
430	430	0.565291125	2.1
442	373	1.360544218	2.1
443	304	0.1499925	2.1
443	373	0.0427177	2.1
14	14	1	2.1
14	159	1	2.1
24	24	0.114100938	2.1
24	143	0.127855749	2.1
25	28	0.003656601	2.1
25	48	0.003660027	2.1
25	88	0.004118871	2.1
25	143	0.003264702	2.1
25	166	0.003656989	2.1
25	173	2.096436059	2.1
35	143	0.008007758	2.1
65	65	1	2.1
116	116	0.140144349	2.1
131	131	4.993757803	2.1
141	141	1	2.1
148	143	0.031380548	2.1
148	148	0.025871715	2.1
149	143	0.034170219	2.1
149	149	5.988023952	2.1
150	25	0.643086817	2.1
150	28	0.003635914	2.1
150	48	0.003639302	2.1
150	88	0.004092647	2.1
150	143	0.003789331	2.1
150	166	0.003636298	2.1
150	173	8.26446281	2.1
178	25	0.064821417	2.1
178	28	0.003461333	2.1
178	48	0.003464403	2.1
178	88	0.003872777	2.1
178	143	0.00360009	2.1
178	150	0.072092856	2.1
178	166	0.003461681	2.1
178	173	0.089557586	2.1
181	132	0.032985338	2.1
181	141	0.016097746	2.1
181	143	0.019419906	2.1
181	181	0.020157309	2.1
185	25	0.032880676	2.1
185	28	0.003290654	2.1
185	48	0.003293428	2.1
185	88	0.00366034	2.1
185	143	0.003415806	2.1
185	150	0.034653637	2.1
185	166	0.003290968	2.1
185	173	0.1367054	2.1
185	178	0.0667334	2.1
185	185	1	2.1
240	116	0.145657331	2.1
241	35	0.039068722	2.1
241	143	0.009874261	2.1
248	25	0.257003341	2.1
248	150	0.428265525	2.1
266	173	2.544529262	2.1
282	457	0.029262297	2.1
287	458	0.040014405	2.1
288	143	1	2.1
302	463	0.068411151	2.1
302	143	0.058329445	2.1
304	19	0.01735291	2.2
304	23	0.03690105	2.2
304	34	0.00532447	2.2
304	40	0.002030336	2.2
304	43	0.004234526	2.2
304	61	0.007223784	2.2
304	94	0.452488688	2.2
304	97	0.10139931	2.2
304	98	0.040122703	2.2
304	102	0.015092452	2.2
304	114	0.152413678	2.2
304	130	0.037520918	2.2
304	164	0.020034005	2.2
304	175	0.017921067	2.2
304	182	0.047221042	2.2
316	143	0.008890711	2.1
333	457	0.525762355	2.1
352	10	1.934235977	2.1
352	68	6.535947712	2.1
352	143	0.427685509	2.1
373	114	0.103197399	2.2
373	170	0.104701078	2.2
384	143	1	2.1
443	451	0.013632522	2.1
458	116	0.010564719	2.1
24	304	0.11625493	2.1
24	373	1.614205004	2.1
24	399	0.888415068	2.1
25	217	0.003856009	2.1
25	220	0.016479895	2.1
25	248	0.079444524	2.1
25	304	0.007189698	2.1
25	309	0.001394776	2.1
25	319	0.05344294	2.1
25	361	0.007466364	2.1
25	399	0.016477451	2.1
65	391	1	2.1
116	240	0.173599056	2.1
116	304	5.903187721	2.1
116	369	0.207555002	2.1
131	304	4.158004158	2.1
131	391	12.24489796	2.1
141	304	1	2.1
148	304	0.041533184	2.1
150	217	0.003833026	2.1
150	220	0.016067871	2.1
150	248	0.070706357	2.1
150	304	0.007812833	2.1
150	309	0.001391757	2.1
150	319	0.061619718	2.1
150	361	0.007380673	2.1
150	399	0.016065547	2.1
178	217	0.003639507	2.1
178	220	0.013139223	2.1
178	248	0.039574965	2.1
178	304	0.007048878	2.1
178	309	0.001365396	2.1
178	319	0.037368633	2.1
178	361	0.006695188	2.1
178	399	0.01313767	2.1
181	304	0.022843313	2.1
185	217	0.003451269	2.1
185	220	0.010977792	2.1
185	248	0.024842355	2.1
185	304	0.00689654	2.1
185	309	0.001338018	2.1
185	319	0.023954357	2.1
185	361	0.006084687	2.1
185	399	0.010976707	2.1
219	219	0.05438773	2.1
219	304	4.6875	2.1
240	240	0.27956388	2.1
240	304	0.476985452	2.1
241	241	0.002262408	2.1
241	304	0.009805229	2.1
241	373	0.100892175	2.1
248	248	0.056674528	2.1
266	266	0.063171194	2.1
266	304	0.032596649	2.1
266	319	0.064285944	2.1
266	399	0.04054739	2.1
288	288	1	2.1
288	367	1	2.1
295	373	16.66666667	2.1
304	187	0.126527366	2.2
304	202	1.904761905	2.2
304	233	15.50387597	2.2
304	235	0.024682992	2.2
304	238	0.114992755	2.2
304	244	0.004234074	2.2
304	245	0.070616482	2.2
304	287	0.014046162	2.2
304	328	36.36363636	2.2
304	331	0.004376406	2.2
304	369	0.010305056	2.2
304	389	0.007900211	2.2
316	220	0.006684923	2.1
316	304	0.006315484	2.1
316	316	4.098360656	2.1
316	399	7.731958763	2.1
352	276	2.331002331	2.1
352	304	0.007510496	2.1
352	373	0.003794872	2.1
373	238	0.135556459	2.2
384	384	1	2.1
433	399	1	2.1
458	240	0.010746881	2.1
458	304	0.01162016	2.1
458	369	0.011007639	2.1
34	56	0.031062091	2.2
34	143	0.210913254	2.2
68	34	0.004990028	2.2
68	56	0.004217578	2.2
68	122	0.009966016	2.2
108	164	7.8125	2.2
114	114	1.09609061	2.2
114	143	1.266143327	2.2
114	170	2.197802198	2.2
114	187	0.398406375	2.2
132	117	0.051299151	2.2
133	182	0.091806289	2.2
143	34	0.042908745	2.2
143	40	0.172055697	2.2
143	56	0.008953837	2.2
143	65	0.007540455	2.2
143	94	0.447027269	2.2
143	98	0.017764619	2.2
143	102	0.204561727	2.2
143	114	0.104729588	2.2
143	126	0.014463547	2.2
143	130	0.144602704	2.2
143	175	0.021686898	2.2
143	181	0.13362285	2.2
143	187	0.076866905	2.2
143	196	0.138204266	2.2
159	117	0.008257957	2.2
159	129	0.009063153	2.2
159	143	0.003060589	2.2
170	143	1.692047377	2.2
196	126	0.012763046	2.2
196	196	0.00706199	2.2
238	143	2.113048072	2.2
238	170	31.25	2.2
249	159	0.003572743	2.2
258	130	0.019626508	2.2
304	415	0.059326056	2.2
304	425	0.067519339	2.2
304	451	0.006376656	2.2
310	89	0.016813906	2.2
310	114	0.14567855	2.2
310	143	0.010238359	2.2
310	170	0.136622687	2.2
352	449	0.003774069	2.1
367	68	0.010843223	2.2
367	132	0.004100596	2.2
367	143	0.010349808	2.2
367	159	0.032285142	2.2
373	425	0.145857643	2.2
373	33	0.021211967	2.2
373	68	0.005391459	2.2
373	117	0.008454955	2.2
373	129	0.012196332	2.2
373	175	0.060523529	2.2
373	187	0.108119797	2.2
391	19	0.017654224	2.2
391	65	0.00778617	2.2
391	68	0.009683483	2.2
391	89	0.009650701	2.2
391	102	0.188643652	2.2
391	132	0.004100159	2.2
391	133	0.002034554	2.2
391	148	0.010237633	2.2
391	181	0.001869569	2.2
399	24	0.007038274	2.2
399	33	0.009630262	2.2
399	45	0.00751042	2.2
399	63	0.001242247	2.2
399	65	0.009760287	2.2
399	108	0.008226523	2.2
399	114	3.727865797	2.2
399	118	0.022815678	2.2
399	133	0.010102375	2.2
399	164	0.012028098	2.2
399	170	1.876172608	2.2
399	175	0.01524171	2.2
399	182	0.013156403	2.2
399	188	0.007064144	2.2
399	193	0.030506528	2.2
399	207	0.000929665	2.2
433	433	1	2.1
457	98	0.008205221	2.2
457	181	0.013390878	2.2
457	207	0.001387776	2.2
34	304	0.006306678	2.2
34	424	0.003370396	2.2
68	369	0.137978613	2.2
68	373	0.005995924	2.2
68	424	0.002011663	2.2
89	287	0.011921225	2.2
89	310	0.289939113	2.2
108	304	0.075786283	2.2
114	238	0.446229362	2.2
114	304	0.718778077	2.2
114	310	0.318330966	2.2
114	373	2.401536984	2.2
114	399	0.426575664	2.2
133	399	3.480278422	2.2
143	233	0.009431936	2.2
143	235	0.295047418	2.2
143	238	0.373412995	2.2
143	245	0.054158712	2.2
143	270	0.674422526	2.2
143	287	0.014820999	2.2
143	301	0.027258355	2.2
143	330	0.008171871	2.2
143	368	3.488372093	2.2
143	369	0.012900146	2.2
143	415	0.177866316	2.2
143	416	76.92307692	2.2
143	424	0.003115819	2.2
143	425	0.085387779	2.2
170	238	0.27739251	2.2
170	310	0.371258853	2.2
170	373	5.319148936	2.2
170	399	0.732217573	2.2
196	304	0.01155121	2.2
238	310	0.395201129	2.2
238	373	4.524886878	2.2
249	304	0.003551262	2.2
249	373	0.003553799	2.2
258	310	0.38798225	2.2
258	391	0.027102474	2.2
258	399	0.051416656	2.2
301	373	1	2.2
301	399	0.065679288	2.2
310	238	0.191552533	2.2
310	258	1.409978308	2.2
310	373	0.008115303	2.2
310	399	0.025704315	2.2
367	207	0.001498959	2.2
367	304	0.005210912	2.2
367	373	0.019530563	2.2
373	233	0.779301746	2.2
373	249	0.002415315	2.2
373	270	0.297751973	2.2
373	275	0.047985412	2.2
373	287	0.004395006	2.2
373	301	0.007970033	2.2
373	330	0.007668947	2.2
373	368	0.072175589	2.2
373	395	0.001939385	2.2
389	304	0.069588817	2.2
389	389	0.027220884	2.2
391	207	0.001498901	2.2
391	287	0.002204473	2.2
391	310	0.017858259	2.2
391	333	0.008659058	2.2
391	367	40	2.2
399	233	0.0045002	2.2
399	245	0.001464129	2.2
399	267	0.012333578	2.2
399	275	0.062633095	2.2
399	279	0.003299206	2.2
399	287	0.008989637	2.2
399	301	0.002696439	2.2
399	310	0.018030795	2.2
399	328	0.142574139	2.2
399	364	0.001531832	2.2
399	368	0.05366452	2.2
399	395	0.001923164	2.2
399	396	0.006514479	2.2
399	403	0.00462062	2.2
399	415	0.071076994	2.2
399	420	0.042070426	2.2
399	425	0.093823678	2.2
457	216	12.82051282	2.2
457	333	0.009433161	2.2
10	34	0.216309756	2.2
10	56	0.029343253	2.2
10	68	0.009237585	2.2
19	89	0.453309157	2.2
40	40	3.076923077	2.2
40	143	2.72479564	2.2
42	143	0.232132264	2.2
43	10	0.690131125	2.2
43	34	0.164663264	2.2
43	56	0.028145778	2.2
43	68	0.172354361	2.2
43	143	0.095203123	2.2
56	10	0.007677209	2.2
56	34	0.008613508	2.2
56	43	0.007763624	2.2
56	56	0.008731784	2.2
56	68	0.00999902	2.2
56	143	0.015152321	2.2
61	61	1	2.2
66	66	1	2.2
66	143	1	2.2
94	94	1	2.2
97	97	1	2.2
98	98	0.011084003	2.2
98	116	0.00634037	2.2
98	143	0.0605514	2.2
98	159	0.089346874	2.2
102	181	0.120816721	2.2
117	117	0.025710741	2.2
117	129	0.069949636	2.2
117	132	0.017361714	2.2
117	159	0.050948491	2.2
129	117	0.01592474	2.2
129	129	0.132181882	2.2
129	132	0.023093755	2.2
129	159	0.044485548	2.2
130	130	0.078396831	2.2
130	143	0.007018586	2.2
164	108	0.039012479	2.2
164	143	0.070791943	2.2
164	175	0.045373962	2.2
173	45	0.007154031	2.2
173	143	0.012979374	2.2
173	188	0.008143466	2.2
175	143	0.12469096	2.2
175	164	0.122679818	2.2
175	175	1.275239107	2.2
181	102	0.020238818	2.2
182	133	250	2.2
182	182	0.092182891	2.2
187	114	4.405286344	2.2
202	98	0.016449668	2.2
202	116	0.004576415	2.2
202	143	0.009798242	2.2
202	202	0.684931507	2.2
212	451	0.022444472	2.2
233	143	1.518026565	2.2
235	143	30.3030303	2.2
244	10	0.702247191	2.2
244	34	0.165343915	2.2
244	56	0.028165779	2.2
244	68	0.173100225	2.2
244	143	0.095432856	2.2
258	425	0.075246162	2.2
258	457	0.032730166	2.2
270	143	0.505220613	2.2
276	40	2.564102564	2.2
276	45	0.007540473	2.2
276	188	0.007141296	2.2
287	143	0.00926009	2.2
331	10	1.246882793	2.2
331	68	0.21331058	2.2
367	444	0.001923883	2.2
367	457	0.001773931	2.2
368	143	30.3030303	2.2
369	68	0.002647873	2.2
369	143	0.00219816	2.2
373	444	0.001091531	2.2
376	132	0.007485198	2.2
376	141	0.006045913	2.2
376	143	0.00608891	2.2
376	181	0.00968237	2.2
391	444	0.001923791	2.2
425	143	0.007871896	2.2
10	331	7.633587786	2.2
10	424	0.003318681	2.2
19	287	0.011615616	2.2
19	304	0.059221533	2.2
19	391	0.010478446	2.2
23	304	0.239498012	2.2
40	276	5.128205128	2.2
40	391	9.230769231	2.2
42	304	0.004607127	2.2
43	244	40	2.2
43	304	0.007094941	2.2
43	331	0.898069151	2.2
43	424	0.003302788	2.2
56	244	0.007762117	2.2
56	331	0.007697059	2.2
56	424	0.002946702	2.2
61	304	1	2.2
94	304	1	2.2
97	304	1	2.2
98	240	0.006405534	2.2
98	287	0.026265447	2.2
98	369	0.006497283	2.2
98	373	0.004550653	2.2
98	380	0.002316512	2.2
102	304	0.216262976	2.2
117	373	0.048679804	2.2
129	373	0.043455379	2.2
130	258	0.012385895	2.2
130	304	0.006823656	2.2
164	304	0.056096786	2.2
164	399	0.04215418	2.2
173	267	0.013788539	2.2
173	276	0.13960631	2.2
173	304	0.007769582	2.2
173	396	0.006702974	2.2
173	399	0.03258217	2.2
175	304	0.139333984	2.2
182	304	2.127659574	2.2
182	399	5.767012687	2.2
187	304	22.3880597	2.2
187	373	38.46153846	2.2
188	276	0.157604413	2.2
188	304	0.013517395	2.2
202	240	0.004610265	2.2
202	287	0.010114803	2.2
202	304	0.009327091	2.2
202	369	0.004657597	2.2
233	233	0.236179863	2.2
233	304	0.924214418	2.2
233	373	0.029467232	2.2
233	399	0.122206767	2.2
235	235	0.035913714	2.2
235	304	0.127149836	2.2
244	304	0.007093974	2.2
244	331	0.919117647	2.2
244	424	0.003303061	2.2
245	245	1	2.2
245	399	1	2.2
258	275	0.062169401	2.2
270	270	0.472032098	2.2
270	373	1.138952164	2.2
275	399	15.56420233	2.2
276	267	0.015299761	2.2
276	391	5.847953216	2.2
276	396	0.007041063	2.2
287	391	0.013457518	2.2
287	399	0.019732863	2.2
328	304	0.061873531	2.2
328	399	0.230347196	2.2
368	368	13.15789474	2.2
368	399	60.60606061	2.2
369	369	0.018022297	2.2
369	399	0.036037453	2.2
376	304	0.017083139	2.2
415	399	1	2.2
415	415	1	2.2
420	399	0.149708748	2.2
420	420	0.114609897	2.2
425	258	0.118507984	2.2
425	275	0.050410213	2.2
425	304	0.007137589	2.2
425	373	0.519615485	2.2
425	399	0.096624192	2.2
449	304	666.6666667	2.2
31	31	1	2.3
39	39	1	2.3
58	58	0.073242188	2.3
79	79	12.65822785	2.3
85	85	0.685988681	2.3
98	457	0.00514988	2.2
98	458	0.015856782	2.2
102	457	0.216262976	2.2
115	115	0.008677128	2.3
122	68	0.005220269	2.3
126	143	0.003306794	2.3
130	457	0.004934336	2.2
139	139	0.027594911	2.3
143	54	0.012613601	2.3
143	66	0.053876408	2.3
143	194	2.886836028	2.3
143	237	0.019901422	2.3
143	253	1.289767842	2.3
147	75	0.02739726	2.3
149	233	0.006414543	2.3
153	143	0.052393053	2.3
159	53	0.00233129	2.3
159	118	0.014990604	2.3
159	134	0.004840271	2.3
159	242	0.00199035	2.3
159	258	0.005957313	2.3
159	279	0.003273046	2.3
161	161	1	2.3
173	248	0.034884487	2.3
181	457	0.023858727	2.2
194	143	0.355029586	2.3
194	216	0.981113564	2.3
202	458	0.008073827	2.2
237	39	0.016500833	2.3
237	143	0.006034405	2.3
237	149	0.02655584	2.3
237	233	0.00516654	2.3
237	237	12.19512195	2.3
238	258	1	2.3
253	10	0.003068864	2.3
258	238	0.065115471	2.3
259	259	1	2.3
287	19	0.010180189	2.3
287	89	0.009956507	2.3
287	132	0.00336892	2.3
287	141	0.00304289	2.3
287	181	0.005465123	2.3
301	143	0.026048111	2.3
304	10	0.006687099	2.3
304	39	0.201857085	2.3
304	79	0.095305263	2.3
304	118	0.038005774	2.3
304	139	0.014304384	2.3
304	259	0.081122739	2.3
308	47	0.002818195	2.3
308	135	0.002755003	2.3
331	424	0.003314985	2.2
331	34	0.201653559	2.2
331	56	0.029056902	2.2
331	143	0.106498703	2.2
397	54	0.641025641	2.3
399	19	0.012190704	2.3
399	47	0.002766422	2.3
399	58	0.12812391	2.3
399	75	0.025864522	2.3
399	85	0.758869285	2.3
399	115	0.007022636	2.3
399	126	0.005781427	2.3
399	131	0.004079672	2.3
399	135	0.002705511	2.3
399	141	0.001674907	2.3
399	147	0.46253469	2.3
399	153	0.084381065	2.3
399	161	0.001242071	2.3
399	181	0.003896986	2.3
399	194	0.004557559	2.3
399	259	16.94915254	2.3
420	143	0.100389511	2.3
420	153	0.35335689	2.3
425	425	0.066187177	2.2
427	159	0.086144186	2.3
457	102	0.008995819	2.3
457	139	0.012466338	2.3
457	279	0.003018868	2.3
31	399	1	2.3
39	399	1	2.3
54	397	6.172839506	2.3
58	399	0.067628712	2.3
75	399	0.062327301	2.3
75	420	0.020803861	2.3
79	304	375	2.3
85	399	1.059209829	2.3
115	399	0.018559648	2.3
122	304	0.005139245	2.3
122	399	0.004926735	2.3
126	304	0.008661908	2.3
126	399	4.284490146	2.3
139	304	0.032908088	2.3
143	377	0.182893373	2.3
143	420	3.636363636	2.3
147	399	0.019036137	2.3
149	304	0.006393698	2.3
149	399	0.00642203	2.3
153	399	0.057088216	2.3
153	420	0.054857644	2.3
159	315	0.001279908	2.3
159	335	0.001329952	2.3
159	399	0.014820918	2.3
161	399	1	2.3
164	391	1.828153565	2.3
181	391	0.02472842	2.3
194	399	0.245519273	2.3
237	304	0.006760243	2.3
237	399	0.010385834	2.3
248	373	0.051907964	2.3
258	315	0.001900501	2.3
258	335	0.001983478	2.3
259	304	1	2.3
287	376	0.0061262	2.3
304	308	0.199770264	2.3
304	342	0.069624181	2.3
304	370	0.224014337	2.3
304	374	0.002575832	2.3
304	376	0.003667831	2.3
304	377	0.004373514	2.3
304	398	0.056794517	2.3
304	402	0.014611552	2.3
308	304	0.00281743	2.3
308	329	0.001872992	2.3
310	335	0.001739442	2.3
310	391	0.00461678	2.3
320	304	0.017503785	2.3
320	310	0.005980754	2.3
320	373	0.040992567	2.3
320	399	0.028173776	2.3
321	321	1	2.3
321	399	1	2.3
331	304	0.006888664	2.2
331	331	1.070663812	2.2
342	304	0.674432863	2.3
342	342	0.148505399	2.3
342	399	0.172075227	2.3
369	373	4.424778761	2.3
370	304	1	2.3
370	370	1	2.3
373	398	0.052907254	2.3
374	304	0.15309749	2.3
374	374	0.65220227	2.3
374	399	0.052826202	2.3
377	304	0.019752761	2.3
377	377	2000	2.3
397	397	0.040680172	2.3
398	304	0.011772323	2.3
398	373	0.005527672	2.3
399	308	0.137047316	2.3
399	315	0.001432713	2.3
399	321	0.164663264	2.3
399	325	0.00170888	2.3
399	335	0.001498215	2.3
399	342	0.03811375	2.3
399	374	0.009160737	2.3
399	376	0.002316713	2.3
399	402	0.083626024	2.3
402	304	1	2.3
402	402	1	2.3
427	310	1	2.3
427	399	0.07088061	2.3
461	373	1	2.3
7	7	1	3
50	50	0.178200801	3
50	143	0.008272872	3
50	159	0.156828683	3
68	43	0.003396849	3
106	106	0.217674779	3
109	109	0.340097495	3
118	216	0.042586504	3
126	457	0.003282073	2.3
133	181	0.005578614	3
137	137	0.541528464	3
139	457	0.035005426	2.3
143	7	2.364066194	3
143	26	0.072087659	3
143	43	0.004568818	3
143	50	0.007792876	3
143	193	1	3
147	420	0.011824664	2.3
159	427	0.027661854	2.3
159	442	0.002900547	2.3
159	39	0.008346326	3
159	50	0.035324795	3
159	82	0.012584903	3
159	89	0.003300188	3
159	98	0.003760381	3
159	136	0.0020483	3
159	196	0.095265314	3
159	224	0.013008186	3
216	118	0.073593671	3
216	143	0.003313733	3
216	216	0.044733526	3
224	117	0.004793029	3
224	129	0.005829621	3
224	132	0.004654627	3
224	159	0.006283541	3
253	143	0.006745237	2.3
258	118	0.089757542	3
287	102	0.005665754	3
304	7	0.051082089	3
304	11	0.02445825	3
304	18	0.013756767	3
304	50	0.017787897	3
304	82	0.011590216	3
304	92	0.041272855	3
304	105	0.019152612	3
304	106	0.062357134	3
304	138	1	3
304	215	0.000908412	3
308	137	2.754820937	3
310	427	0.032930845	2.3
310	216	0.03447414	3
320	457	0.069550702	2.3
326	117	0.003092595	3
326	129	0.003493389	3
326	132	0.003034376	3
326	159	0.003935983	3
369	461	4.424778761	2.3
373	39	0.008440172	3
373	93	0.003223554	3
373	98	0.003845363	3
373	126	0.001846153	3
373	136	0.002251039	3
373	224	0.00866645	3
377	143	0.023809524	3
391	105	0.014196076	3
391	131	0.003887918	3
399	26	0.009773093	3
399	31	0.018729047	3
399	34	0.002276416	3
399	39	0.002383863	3
399	50	0.017818652	3
399	57	0.006132569	3
399	82	0.011385178	3
399	98	0.007199222	3
399	109	0.444148346	3
399	137	0.179779321	3
399	149	0.004963672	3
399	151	0.011621178	3
399	187	0.458715596	3
399	200	0.001040888	3
399	216	0.020580974	3
414	143	0.296627573	3
457	89	0.004972696	3
461	461	1	2.3
7	304	1	3
50	304	0.0097962	3
50	399	0.048409405	3
68	244	0.003396555	3
68	331	0.003384046	3
68	397	0.013241175	3
109	304	0.001939754	3
109	391	0.001841439	3
109	399	0.012933933	3
118	258	0.031867451	3
133	391	0.08846426	3
137	308	0.64808814	3
137	399	2.010050251	3
143	244	0.004568275	3
143	246	0.021607243	3
143	331	0.004545682	3
143	382	0.065963061	3
143	397	0.010575497	3
143	414	3.553299492	3
159	237	0.016889153	3
159	249	0.002426975	3
159	297	0.000946602	3
159	305	0.000887798	3
159	326	1.976284585	3
159	369	0.053523162	3
159	391	0.004428086	3
159	426	0.007305898	3
173	310	0.013302472	3
216	304	0.002809795	3
216	310	0.007072217	3
216	373	0.012021126	3
216	399	0.020710269	3
224	224	4.166666667	3
224	373	0.005624781	3
238	304	0.008615441	3
238	399	0.012297674	3
250	250	1	3
250	304	1	3
253	410	0.004158765	2.3
304	250	0.094741829	3
304	261	0.002628754	3
304	271	0.000939745	3
304	297	0.000973308	3
304	302	0.423370025	3
304	305	0.000911248	3
304	397	0.013713488	3
304	414	0.139124276	3
304	426	0.009268721	3
308	399	2.754820937	3
326	224	0.008717142	3
326	373	0.003418787	3
329	329	1	3
373	237	0.017278021	3
373	261	0.012230321	3
373	271	0.001037465	3
373	296	0.389029372	3
373	326	1.490312966	3
373	360	0.001145137	3
373	369	0.012291304	3
373	386	0.146327188	3
373	402	0.010637958	3
377	399	0.037178176	3
386	386	6.980802792	3
386	399	101.1235955	3
391	414	0.159105373	3
399	237	0.003613425	3
399	238	0.042782735	3
399	246	0.006755271	3
399	250	0.312402374	3
399	255	0.005801494	3
399	297	0.000939158	3
399	305	0.000881247	3
399	314	35.71428571	3
399	350	0.009066603	3
399	369	0.013264674	3
399	382	0.009651578	3
399	386	0.002280495	3
399	397	0.009641871	3
399	414	0.501694183	3
399	426	0.006884729	3
399	453	0.039836273	3
414	399	0.180166654	3
414	414	0.519026762	3
457	238	0.07104291	3
11	102	0.004250056	3
11	143	0.004340231	3
11	181	0.005217856	3
18	18	0.014180659	3
26	143	0.004843037	3
26	149	0.010086644	3
26	233	0.003920994	3
26	237	0.016264526	3
57	255	0.107469103	3
74	133	0.003001191	3
74	182	0.002937194	3
82	143	0.000970183	3
82	159	0.017561421	3
92	92	0.100875939	3
92	143	0.000940008	3
93	159	0.001469277	3
93	200	0.001446826	3
106	216	0.048867387	3.1
109	457	0.001804551	3
143	73	0.732511293	3.1
151	57	0.012984652	3
151	255	0.011584935	3
159	461	0.052883471	3
173	457	0.015771088	3
187	187	18.51851852	3
216	457	0.002666379	3
238	457	1	3
246	246	0.019125304	3
255	255	1	3
261	143	0.006843956	3
287	457	0.011300354	3
302	105	0.012962267	3
304	459	0.009162488	3
304	461	0.006251055	3
304	68	0.010823206	3.1
304	73	0.015134661	3.1
304	86	0.003314609	3.1
304	165	0.324569945	3.1
304	177	0.981836033	3.1
304	218	0.003526056	3.1
304	239	0.035080334	3.1
304	249	0.002205962	3.1
318	57	0.010732723	3
318	151	0.061885018	3
350	57	0.015066594	3
373	461	0.012257255	3
373	73	0.016071486	3.1
373	81	0.032165718	3.1
373	89	0.020015198	3.1
373	101	0.015711084	3.1
373	106	50	3.1
373	118	0.035832819	3.1
373	165	0.087214665	3.1
373	177	0.008503288	3.1
373	210	0.018063258	3.1
373	216	0.090535427	3.1
373	239	0.016900892	3.1
373	251	0.007833921	3.1
382	143	0.004873437	3
382	149	0.010219411	3
382	233	0.0039409	3
382	237	0.016612537	3
391	467	0.000766588	3
397	10	0.004538894	3
397	34	0.00444559	3
397	43	0.004568964	3
397	56	0.004225844	3
397	68	0.004450953	3
397	143	0.005594833	3
397	244	0.004568442	3
399	55	0.067203172	3.1
399	68	0.005447554	3.1
399	78	0.022076517	3.1
399	81	0.02584714	3.1
399	110	0.205634382	3.1
399	119	9.708737864	3.1
399	156	0.170626626	3.1
399	178	0.001183795	3.1
399	220	0.010507692	3.1
399	223	1.223990208	3.1
399	230	0.012846766	3.1
399	231	0.001724704	3.1
426	143	0.001027413	3
426	159	0.00150072	3
11	287	0.017009117	3
11	304	0.005684517	3
11	391	0.004348015	3
11	399	0.018022239	3
18	304	0.014730015	3
26	304	0.00391319	3
26	382	0.776397516	3
26	399	0.007787313	3
56	397	0.011407842	3
57	399	0.107469103	3
74	304	0.002996569	3
74	399	0.003417188	3
82	297	0.001023595	3
82	304	0.001389116	3
82	305	0.000955181	3
82	373	0.00138167	3
82	426	0.017417051	3
92	271	0.000943131	3
92	304	0.00188468	3
92	373	0.010372449	3
93	373	0.001469277	3
105	304	0.001537687	3
105	399	8.771929825	3
106	373	1	3.1
106	391	0.007608546	3.1
106	416	1	3.1
151	350	0.021152382	3
151	399	0.021152382	3
246	399	0.018979894	3
255	399	1	3
261	301	0.006181692	3
261	304	0.009236305	3
261	399	0.00991461	3
263	399	10.30927835	3
296	296	400	3
296	373	400	3
302	304	0.001662594	3
302	391	0.149164678	3
302	399	0.143454382	3
304	265	0.019020206	3.1
304	294	0.040175971	3.1
304	329	0.004278246	3.1
304	412	2.96735905	3.1
304	439	0.013224365	3.1
304	453	0.043999076	3.1
314	314	1	3
314	399	1	3
318	255	0.009758097	3
318	350	0.01576392	3
318	399	0.062869357	3
350	255	0.013213967	3
350	399	0.045935476	3
364	373	0.002960967	3
373	291	3.759398496	3.1
373	292	0.00814966	3.1
373	329	0.01473434	3.1
373	416	0.016954708	3.1
373	431	0.003990312	3.1
373	453	0.125178379	3.1
382	304	0.003933013	3
382	399	0.006361202	3
397	304	0.004295465	3
397	331	0.004545826	3
397	424	0.001917018	3
399	261	0.001980531	3.1
399	298	0.527580749	3.1
399	313	0.004174395	3.1
399	318	0.010948196	3.1
399	336	0.010191715	3.1
399	344	0.004274127	3.1
399	385	0.008519109	3.1
399	387	0.003101086	3.1
399	404	0.014995202	3.1
399	408	0.039799411	3.1
399	438	0.008863716	3.1
406	406	123.0769231	3
426	297	0.001087509	3
426	304	0.00113193	3
426	305	0.001010605	3
426	373	0.00150072	3
453	399	0.011003824	3
453	453	2.78551532	3
455	399	1	3
459	391	6.389776358	3
11	457	0.006789548	3
82	457	0.000977476	3
92	457	0.001102892	3
105	467	0.000810347	3
118	37	0.988142292	3.1
118	51	0.016256374	3.1
118	87	0.175066073	3.1
118	101	0.01799261	3.1
118	105	0.002823766	3.1
118	118	0.032114337	3.1
118	143	0.006878419	3.1
118	159	0.00425043	3.1
118	168	0.196367207	3.1
118	173	0.037521837	3.1
118	177	0.759344958	3.1
132	10	0.002612095	3.1
132	34	0.002580925	3.1
132	43	0.002622026	3.1
132	56	0.0026648	3.1
132	68	0.00445493	3.1
159	68	0.001594687	3.1
159	93	0.002513178	3.1
159	101	0.032695499	3.1
159	132	0.003133155	3.1
159	165	0.135599349	3.1
159	177	0.446122169	3.1
159	200	0.000918213	3.1
159	207	0.000831954	3.1
159	220	0.00712324	3.1
177	39	0.002414938	3.1
177	118	10.58574453	3.1
177	143	0.000935567	3.1
177	159	0.004415675	3.1
177	177	0.022057004	3.1
196	68	0.00728118	3.1
196	143	0.006323852	3.1
239	143	0.001763162	3.1
239	159	0.014142553	3.1
251	159	1	3.1
263	455	10.30927835	3
302	467	0.000762668	3
329	68	0.001808871	3.1
329	132	0.001419497	3.1
329	159	0.004342342	3.1
329	207	0.000886731	3.1
336	127	1.114206128	3.1
344	159	0.004629857	3.1
391	73	0.017713223	3.1
391	81	0.051663567	3.1
391	101	0.01471075	3.1
391	106	0.108781574	3.1
399	460	0.037600539	3.1
399	467	0.00061011	3.1
399	12	0.055681768	3.1
399	18	0.004925059	3.1
399	23	0.00464992	3.1
399	25	0.001162562	3.1
399	38	0.021746813	3.1
399	51	0.013328434	3.1
399	73	0.272368242	3.1
399	74	0.005926593	3.1
399	89	0.00452693	3.1
399	90	0.00576678	3.1
399	93	0.002859606	3.1
399	99	0.165665769	3.1
399	101	0.018151785	3.1
399	103	0.269323997	3.1
399	105	0.002469076	3.1
399	130	0.016590406	3.1
399	142	1.262135922	3.1
399	150	0.001164669	3.1
399	154	0.008361708	3.1
399	163	2.202643172	3.1
399	165	0.120496445	3.1
399	176	0.17456272	3.1
399	185	0.001205174	3.1
399	196	0.004666526	3.1
399	212	0.002109609	3.1
416	51	0.011217697	3.1
416	74	0.004391493	3.1
416	159	0.025331566	3.1
426	457	0.001035597	3
455	455	1	3
459	459	0.020976454	3
118	220	0.031833011	3.1
118	302	0.003610239	3.1
118	307	0.040278594	3.1
118	340	0.152259145	3.1
118	372	0.31372549	3.1
118	373	0.036778178	3.1
118	387	1.863064741	3.1
118	391	0.023856799	3.1
118	394	0.267305229	3.1
118	399	0.02367063	3.1
118	416	0.028472294	3.1
127	336	0.068664813	3.1
127	399	1.247104935	3.1
127	416	0.344149459	3.1
132	244	0.002621854	3.1
132	331	0.002614389	3.1
132	397	0.00615324	3.1
132	424	0.001461647	3.1
159	239	0.020984627	3.1
159	251	0.002610231	3.1
159	292	0.018293129	3.1
159	329	0.01641016	3.1
159	334	1.267427123	3.1
159	360	0.001073139	3.1
159	367	0.003160481	3.1
159	378	0.079063884	3.1
159	401	0.002773137	3.1
159	416	0.018414082	3.1
159	431	0.00383363	3.1
177	237	0.002828966	3.1
177	304	0.002746891	3.1
177	373	0.005586105	3.1
177	391	3.416856492	3.1
177	399	0.018218508	3.1
196	399	0.009325805	3.1
196	408	0.026733679	3.1
239	239	0.027007465	3.1
239	249	0.00225156	3.1
239	261	0.002375026	3.1
239	301	0.001715806	3.1
239	304	0.003073858	3.1
239	373	0.008785005	3.1
239	399	0.006354255	3.1
251	251	1	3.1
329	367	0.002171048	3.1
329	373	0.001377876	3.1
336	336	0.100135182	3.1
336	399	0.772200772	3.1
336	416	5.555555556	3.1
344	239	0.005033245	3.1
344	249	0.001555654	3.1
344	304	0.001795485	3.1
344	344	1.012658228	3.1
344	373	0.0052908	3.1
344	399	0.295003898	3.1
391	265	0.021052336	3.1
391	320	0.001130093	3.1
391	386	5.763688761	3.1
391	428	0.003167748	3.1
399	239	0.010020134	3.1
399	247	0.002063823	3.1
399	248	0.001149412	3.1
399	249	0.001553549	3.1
399	265	0.023582804	3.1
399	269	0.018183405	3.1
399	280	0.007033882	3.1
399	294	0.040846336	3.1
399	302	0.004453429	3.1
399	303	6.172839506	3.1
399	320	0.001579674	3.1
399	329	0.004605056	3.1
399	334	0.033570447	3.1
399	367	0.001203034	3.1
399	370	0.009782758	3.1
399	372	0.432307803	3.1
399	377	0.001556133	3.1
399	412	0.27593819	3.1
399	418	0.069825901	3.1
399	428	1.160092807	3.1
399	431	0.004702673	3.1
399	439	0.008321351	3.1
408	399	1	3.1
408	408	1	3.1
414	304	0.226577546	3.1
23	23	1	3.1
38	57	0.007218705	3.1
38	151	0.016256198	3.1
38	255	0.006764344	3.1
51	51	1	3.1
55	38	0.023517791	3.1
55	55	0.087573343	3.1
55	57	0.005523336	3.1
55	151	0.009612057	3.1
55	255	0.005253315	3.1
73	73	0.535536684	3.1
73	89	0.005510462	3.1
73	143	0.475435816	3.1
74	143	0.002758735	3.1
81	81	1	3.1
87	118	0.147702988	3.1
99	99	0.086587583	3.1
101	101	1.196888091	3.1
101	159	8.547008547	3.1
110	110	1	3.1
118	450	0.004133675	3.1
118	457	0.001994236	3.1
118	465	2.450980392	3.1
118	467	0.000629653	3.1
119	33	0.002120698	3.1
119	143	0.002099946	3.1
119	159	0.002272228	3.1
130	90	0.007723379	3.1
154	154	142.8571429	3.1
159	441	0.020426923	3.1
163	163	1	3.1
165	159	0.906618314	3.1
165	165	0.465983225	3.1
168	87	6.172839506	3.1
168	118	0.728214257	3.1
173	90	0.005736544	3.1
173	118	0.037304385	3.1
173	130	0.007522247	3.1
176	176	1	3.1
177	453	0.160720026	3.1
216	12	0.033099085	3.1
216	106	0.090312886	3.1
216	194	0.004411225	3.1
220	105	0.002663002	3.1
220	118	0.040468042	3.1
220	132	0.213949508	3.1
220	159	0.037264261	3.1
220	239	0.222630378	3.1
246	143	0.009330586	3.1
247	247	0.014012545	3.1
258	78	0.011292608	3.1
286	132	0.012991231	3.1
286	159	0.015652882	3.1
289	1	1	3.1
291	159	0.041796934	3.1
291	165	0.032838026	3.1
307	118	0.03708832	3.1
313	173	3.46220427	3.1
329	444	0.001020003	3.1
329	457	0.000976251	3.1
329	143	0.00107054	3.1
340	118	1	3.1
350	151	0.038471896	3.1
355	173	0.034583762	3.1
363	247	0.003012614	3.1
378	159	0.027542898	3.1
386	159	166.6666667	3.1
387	118	0.020950249	3.1
391	439	0.008780171	3.1
391	459	0.007162605	3.1
399	450	0.003698087	3.1
399	459	0.006854291	3.1
404	57	0.008487163	3.1
404	151	0.024503198	3.1
418	26	0.008475151	3.1
418	143	0.003566288	3.1
418	149	0.004605451	3.1
418	233	0.002680751	3.1
418	237	0.00557176	3.1
431	93	0.007296447	3.1
431	159	0.007320108	3.1
431	200	0.001207406	3.1
441	159	1	3.1
465	118	1	3.1
23	399	1	3.1
38	318	0.022048286	3.1
38	350	0.013858765	3.1
38	399	0.024400659	3.1
55	318	0.011379671	3.1
55	350	0.008720094	3.1
55	399	0.038628575	3.1
73	373	0.005998153	3.1
73	391	0.017513135	3.1
73	399	0.04904735	3.1
81	391	1	3.1
87	394	0.789889415	3.1
98	399	0.023447994	3.1
99	399	0.029550609	3.1
103	399	0.651748859	3.1
110	399	1	3.1
119	304	0.002140711	3.1
119	373	0.002356273	3.1
119	399	0.002417335	3.1
130	385	0.015110362	3.1
130	399	0.030443022	3.1
154	399	333.3333333	3.1
163	399	1	3.1
165	304	0.826446281	3.1
165	373	0.687876182	3.1
165	399	0.919117647	3.1
168	394	2.487562189	3.1
173	313	0.113696657	3.1
173	355	0.027644502	3.1
173	385	0.005656333	3.1
176	399	1	3.1
220	261	0.002349953	3.1
220	298	0.955109838	3.1
220	301	0.001702681	3.1
220	302	0.003351555	3.1
220	304	0.002037502	3.1
220	373	0.004963943	3.1
220	391	0.013215983	3.1
220	399	0.013733589	3.1
247	391	2.099370189	3.1
247	399	0.017468012	3.1
269	269	1	3.1
269	399	1	3.1
280	280	1	3.1
280	399	1	3.1
286	373	0.015850875	3.1
289	289	1	3.1
291	304	0.033878782	3.1
291	373	0.048374613	3.1
291	399	0.040815494	3.1
302	302	2000	3.1
307	307	0.033052115	3.1
313	313	1.615508885	3.1
313	399	1	3.1
329	386	0.002847324	3.1
329	391	0.002171171	3.1
329	399	0.002875319	3.1
340	340	1	3.1
347	373	0.373731981	3.1
347	399	0.005025151	3.1
350	318	0.101698363	3.1
350	350	0.013648337	3.1
355	355	0.033256843	3.1
363	391	0.006941793	3.1
363	399	0.003009492	3.1
370	399	1	3.1
372	372	1	3.1
372	399	1	3.1
386	391	200	3.1
387	387	0.036019162	3.1
387	399	0.021200399	3.1
404	255	0.007865964	3.1
404	318	0.040566306	3.1
404	350	0.01943559	3.1
404	399	0.036118034	3.1
418	304	0.002677104	3.1
418	382	0.008383635	3.1
418	399	0.005143186	3.1
431	373	0.002095841	3.1
445	373	1	3.1
453	304	0.006436725	3.1
453	373	1.39275766	3.1
460	399	1.105216622	3.1
464	373	138.8888889	3.1
12	12	0.572519084	3.1
12	216	0.125242928	3.1
37	37	0.7691232	3.1
37	118	1.2397975	3.1
38	404	0.048299845	3.1
51	416	1	3.1
55	404	0.015816528	3.1
56	132	0.071382683	3.1
68	196	0.004544935	3.2
74	416	0.002758819	3.1
78	78	1	3.1
86	133	0.002297178	3.1
86	181	0.001806206	3.1
90	130	0.375234522	3.1
99	460	0.022088952	3.1
106	10	0.061479189	3.2
106	118	0.054010262	3.2
106	143	0.001111841	3.2
106	159	0.110459096	3.2
142	142	1.843317972	3.1
143	106	14.92537313	3.2
156	156	0.136383784	3.1
159	45	0.017890368	3.2
159	106	11.62790698	3.2
159	123	0.003614428	3.2
181	86	0.192233756	3.1
181	133	0.007759216	3.1
210	159	0.012996676	3.1
218	86	0.055276104	3.1
218	133	0.007053778	3.1
218	181	0.005989566	3.1
220	416	0.140465067	3.1
220	450	0.00525919	3.1
220	467	0.000621289	3.1
222	118	0.684697022	3.1
223	142	1.151189563	3.1
292	159	1000	3.1
298	132	0.167494836	3.1
334	159	0.132388959	3.1
373	45	0.025829115	3.2
373	123	0.003108058	3.2
378	441	0.027542898	3.1
385	130	1.252348153	3.1
391	10	0.061465334	3.2
391	86	0.003292015	3.2
391	87	0.034305317	3.2
391	118	0.010514893	3.2
391	127	0.008292034	3.2
391	177	0.008871608	3.2
391	204	0.032310178	3.2
391	218	0.002305219	3.2
394	87	0.181768609	3.1
394	118	0.366673924	3.1
399	6	0.044960533	3.2
399	67	0.027461525	3.2
399	87	0.098569915	3.2
399	91	0.008051296	3.2
399	106	0.067215804	3.2
399	123	0.003467509	3.2
399	125	33.33333333	3.2
399	127	0.007301871	3.2
399	138	78.43137255	3.2
399	168	0.014214708	3.2
399	169	1.941747573	3.2
399	177	0.020109937	3.2
399	197	0.004957429	3.2
399	204	0.032322449	3.2
399	214	0.024311489	3.2
412	25	0.001167482	3.1
412	28	0.000884938	3.1
412	48	0.000885138	3.1
412	88	0.000909645	3.1
412	143	0.000893744	3.1
412	150	0.001169606	3.1
412	166	0.00088496	3.1
412	173	0.001406013	3.1
412	178	0.001188895	3.1
412	185	0.001210462	3.1
412	217	0.000896154	3.1
441	441	1	3.1
445	445	1	3.1
450	118	0.009835356	3.1
460	460	0.877577885	3.1
464	464	70.51282051	3.1
12	399	2.649708532	3.1
78	258	1	3.1
86	304	0.003037259	3.1
86	391	0.051386405	3.1
86	399	0.003201362	3.1
90	385	0.404612583	3.1
90	399	0.414651002	3.1
106	304	0.014029768	3.2
106	399	0.075340576	3.2
142	399	2.406738869	3.1
156	399	0.156197702	3.1
159	238	0.655093351	3.2
159	246	0.00197255	3.2
159	337	0.020956583	3.2
159	386	0.002426725	3.2
177	416	0.059686348	3.2
181	399	0.168648284	3.1
210	292	0.007505648	3.1
210	373	0.013085922	3.1
218	304	0.005524516	3.1
218	391	0.077585538	3.1
218	399	0.053139198	3.1
223	399	1.633542064	3.1
230	230	1	3.1
230	399	1	3.1
265	265	400	3.1
265	391	600	3.1
292	292	366.6666667	3.1
294	294	0.041975235	3.1
294	304	0.069755275	3.1
294	399	0.059080704	3.1
298	220	0.40526849	3.1
298	298	0.272876114	3.1
298	399	0.421688864	3.1
303	303	2.098635887	3.1
303	399	1.545595054	3.1
304	351	0.061161581	3.2
334	334	1.335113485	3.1
334	399	0.394722003	3.1
373	337	0.030361504	3.2
373	351	0.322580645	3.2
373	374	0.014558937	3.2
373	378	0.034149507	3.2
373	401	0.001660566	3.2
385	385	1.652892562	3.1
385	399	1.662510391	3.1
391	220	0.007494985	3.2
391	336	0.007691864	3.2
391	351	0.544408151	3.2
391	369	0.743356253	3.2
391	374	0.782896718	3.2
394	394	1.400887229	3.1
399	252	0.019606305	3.2
399	263	0.001649267	3.2
399	296	0.001908554	3.2
399	312	0.084226437	3.2
399	337	0.022940199	3.2
399	343	0.026913264	3.2
399	351	0.040701385	3.2
399	355	0.005297143	3.2
399	359	0.009738072	3.2
399	383	0.031092916	3.2
399	401	0.002582623	3.2
412	220	0.001090245	3.1
412	248	0.00115422	3.1
412	304	0.001107159	3.1
412	309	0.000635523	3.1
412	319	0.001155324	3.1
412	361	0.001009614	3.1
412	373	0.00122321	3.1
412	399	0.001090234	3.1
416	304	0.001045639	3.2
416	336	0.007747198	3.2
416	343	0.012942973	3.2
416	383	0.021583937	3.2
428	391	1.969611705	3.1
428	399	1.01010101	3.1
428	428	0.741152492	3.1
438	391	1	3.1
439	304	0.037171957	3.1
439	391	0.037171957	3.1
450	399	1.016260163	3.1
450	416	1.016260163	3.1
459	304	0.040678518	3.1
6	6	0.11027647	3.2
9	9	0.091264623	3.2
9	68	0.356506239	3.2
9	118	0.085566543	3.2
10	106	0.454132607	3.2
10	118	0.06625588	3.2
10	196	0.00450525	3.2
45	159	1	3.2
67	67	33.65384615	3.2
74	74	13.24503311	3.2
74	118	10.33057851	3.2
86	86	0.003172297	3.2
87	87	0.116180644	3.2
91	91	76.92307692	3.2
91	98	0.016277366	3.2
91	197	0.012900979	3.2
98	91	0.008485206	3.2
98	197	0.007176761	3.2
106	444	0.000755369	3.2
108	118	1	3.2
118	9	0.007324172	3.2
118	10	0.08204455	3.2
118	23	0.004117932	3.2
118	68	0.017019717	3.2
118	74	3.353454058	3.2
118	106	0.689655172	3.2
118	108	0.310655483	3.2
118	124	0.714959819	3.2
118	132	0.080033843	3.2
123	123	0.032133971	3.2
123	159	0.056449934	3.2
124	118	0.366143895	3.2
124	124	0.548893768	3.2
125	6	0.024365185	3.2
125	125	33.33333333	3.2
127	127	1.260875047	3.2
138	138	0.010155532	3.2
159	444	0.000814207	3.2
168	168	1	3.2
169	169	8.928571429	3.2
196	10	0.045540797	3.2
204	127	0.011154821	3.2
214	6	0.01937106	3.2
214	125	0.017620369	3.2
220	6	1.060070671	3.2
225	118	1	3.2
238	159	1	3.2
258	87	0.62150404	3.2
258	106	0.068366719	3.2
304	454	0.231043898	3.2
310	118	0.212316877	3.2
337	136	0.00088437	3.2
337	159	0.003836141	3.2
341	118	0.13111487	3.2
342	9	0.033575525	3.2
342	68	100	3.2
342	118	0.044172863	3.2
344	9	3.738317757	3.2
344	118	6.349206349	3.2
351	118	0.126510512	3.2
352	118	7.692307692	3.2
359	118	0.185391175	3.2
366	118	3.188097768	3.2
373	441	0.015246227	3.2
374	118	0.109756432	3.2
391	438	0.006067464	3.2
393	118	1	3.2
399	429	0.012485135	3.2
399	444	0.000798201	3.2
399	452	0.157695542	3.2
399	454	0.120608556	3.2
399	455	0.001649003	3.2
416	1	0.045671752	3.2
416	106	0.008183825	3.2
416	143	0.001246995	3.2
438	438	1	3.1
439	459	0.013625092	3.1
446	9	0.023753298	3.2
446	68	0.513874615	3.2
446	118	0.024696686	3.2
447	118	1	3.2
454	118	1	3.2
459	439	0.045556011	3.1
465	465	1	3.1
6	214	0.146833077	3.2
6	220	0.076844918	3.2
6	399	0.455657346	3.2
9	342	0.060514372	3.2
9	344	0.155046772	3.2
10	391	0.454855583	3.2
67	399	57.97101449	3.2
86	218	0.00222535	3.2
87	258	0.027856705	3.2
87	391	1	3.2
91	399	0.02604438	3.2
118	225	0.69124424	3.2
118	310	0.036753266	3.2
118	341	0.164870268	3.2
118	342	0.005635394	3.2
118	344	0.176429076	3.2
118	351	0.117874852	3.2
118	352	4.314063848	3.2
118	359	0.06529802	3.2
118	366	10.49868766	3.2
118	393	0.03739809	3.2
123	373	0.034813608	3.2
123	399	0.053670623	3.2
125	214	0.025454036	3.2
125	220	0.019776134	3.2
125	399	0.038198863	3.2
138	304	0.001692633	3.2
168	399	1	3.2
197	197	1	3.2
197	399	1	3.2
204	336	0.010095147	3.2
204	399	0.011167445	3.2
214	214	0.022604193	3.2
214	220	0.023098689	3.2
214	399	0.022257822	3.2
220	359	0.048713952	3.2
225	225	1	3.2
236	364	0.001292879	3.2
236	373	0.001081732	3.2
236	399	0.004615403	3.2
252	252	1	3.2
252	399	1	3.2
257	391	0.094577554	3.2
257	399	0.011357635	3.2
304	386	0.00152677	3.3
337	242	0.00084175	3.2
337	304	0.001029321	3.2
337	337	0.013112912	3.2
337	373	0.001822288	3.2
337	399	0.025127143	3.2
341	341	0.108081818	3.2
343	399	0.476039353	3.2
344	312	1	3.2
351	304	0.037327535	3.2
351	310	0.057730054	3.2
351	351	0.078949093	3.2
351	399	0.0897042	3.2
352	352	7.823613087	3.2
356	356	1	3.2
359	220	0.005058324	3.2
359	359	0.073489008	3.2
359	399	0.007402572	3.2
362	362	1	3.2
362	399	1	3.2
363	363	0.00989198	3.2
366	366	4.132231405	3.2
369	374	38.96103896	3.2
369	391	40	3.2
374	369	0.762195122	3.2
374	373	1	3.2
374	391	350	3.2
383	343	0.029874824	3.2
383	383	0.209059233	3.2
383	399	0.039311095	3.2
393	393	1	3.2
394	258	0.02688172	3.2
394	399	0.948946669	3.2
416	204	0.033309699	3.2
429	399	1	3.2
446	342	0.04991639	3.2
452	399	1	3.2
454	304	0.276014353	3.2
466	373	0.021528062	3.2
466	399	0.009358506	3.2
1	1	0.116629734	3.3
1	143	0.000899128	3.3
6	118	1	3.3
32	32	0.392946608	3.3
68	9	0.005877186	3.3
68	118	0.00918495	3.3
68	130	0.023447039	3.3
69	69	1	3.3
114	452	0.166417041	3.2
118	446	0.006213435	3.2
118	447	0.102493146	3.2
118	454	0.25714102	3.2
118	1	0.041505914	3.3
118	6	3.243243243	3.3
118	130	0.015628338	3.3
118	184	1.797752809	3.3
118	190	0.084465263	3.3
118	201	3.546099291	3.3
130	9	0.005942188	3.3
130	68	0.033835105	3.3
130	118	0.00855376	3.3
133	159	2.375296912	3.3
152	152	19.51219512	3.3
159	133	1.467710372	3.3
169	399	23.80952381	3.2
184	118	1.874414246	3.3
184	184	1.769128704	3.3
189	189	0.091365921	3.3
190	118	0.09580033	3.3
190	190	0.072994223	3.3
190	220	0.044387727	3.3
193	143	0.001505987	3.3
193	193	0.034991923	3.3
201	118	1	3.3
201	201	1	3.3
204	416	0.011270653	3.2
208	208	1.4781966	3.3
236	236	0.007344705	3.3
287	159	0.16204829	3.3
304	450	0.003246716	3.3
304	20	0.117522623	3.4
304	107	0.081960495	3.4
304	183	0.160513644	3.4
310	189	0.519984747	3.3
343	416	0.507614213	3.2
373	20	0.02292684	3.4
373	50	0.08368481	3.3
373	113	0.024111608	3.4
374	189	0.035513571	3.3
383	416	0.257715353	3.2
390	118	1	3.3
391	1	0.030108198	3.3
391	32	2.789400279	3.3
391	40	0.001025707	3.3
391	69	0.25220681	3.3
391	108	0.000870315	3.3
391	143	0.002152294	3.3
391	164	0.001164803	3.3
391	236	0.022641274	3.3
399	29	0.006183043	3.3
399	32	0.536760179	3.3
399	40	0.001021905	3.3
399	69	16.39344262	3.3
399	146	0.000696858	3.3
399	152	0.114396843	3.3
399	189	0.080712965	3.3
399	208	0.006799428	3.3
399	236	0.007911115	3.3
401	159	0.00178592	3.3
416	416	0.050299729	3.2
416	118	0.004707892	3.3
416	127	0.006671285	3.3
416	193	2.508361204	3.3
416	220	0.005767113	3.3
422	118	0.27739251	3.3
427	177	1	3.3
429	429	1	3.2
440	118	1	3.3
446	446	0.587889477	3.2
447	447	1	3.2
452	452	1	3.2
454	454	0.206625801	3.2
462	1	0.029193914	3.3
462	118	0.072059954	3.3
1	289	0.002216797	3.3
1	304	0.000837737	3.3
1	391	0.023776851	3.3
1	399	0.003873102	3.3
1	416	0.009410972	3.3
29	287	0.002078052	3.3
29	391	0.024224806	3.3
29	399	0.003831961	3.3
32	391	0.239191533	3.3
32	399	0.352594963	3.3
50	373	0.049591929	3.3
68	342	0.006752944	3.3
118	390	0.0143942	3.3
118	422	0.024344731	3.3
130	342	0.006838904	3.3
152	399	28.77697842	3.3
159	345	0.637755102	3.3
189	310	0.082549117	3.3
189	399	0.095495022	3.3
193	399	0.002998962	3.3
193	416	0.966494845	3.3
208	399	1.698754247	3.3
236	391	1	3.3
238	312	1	3.3
300	300	0.07129326	3.3
300	373	2.83286119	3.3
304	364	0.001099175	3.3
304	413	0.022511368	3.4
304	416	0.031197301	3.3
332	332	0.020270803	3.3
332	399	0.023712266	3.3
332	416	0.067325071	3.3
345	345	2000	3.3
349	349	0.375093773	3.3
349	399	0.375093773	3.3
373	345	0.007092161	3.3
374	310	0.035136623	3.3
390	390	1	3.3
391	257	0.006016512	3.3
391	276	0.001025912	3.3
391	295	0.000862572	3.3
391	346	0.000875041	3.3
391	364	0.00109934	3.3
391	416	0.028615262	3.3
397	349	0.004529221	3.3
397	399	0.009276298	3.3
397	405	0.005579003	3.3
399	257	0.005971272	3.3
399	289	0.002180716	3.3
399	295	0.000762155	3.3
399	332	0.016453593	3.3
399	345	2.111189303	3.3
399	347	0.004060749	3.3
399	349	0.003986372	3.3
399	356	0.026641624	3.3
399	362	0.003759336	3.3
399	400	0.048524256	3.3
399	405	0.004213051	3.3
399	419	0.194887452	3.3
400	399	1000	3.3
400	400	1000	3.3
401	239	0.001778188	3.3
401	249	0.000993535	3.3
401	304	0.001086196	3.3
401	344	0.003424566	3.3
401	373	0.00149707	3.3
401	399	0.002756191	3.3
401	401	181.8181818	3.3
405	349	0.024070478	3.3
405	399	0.016662446	3.3
405	405	0.013316939	3.3
416	329	0.003598753	3.3
416	332	0.013649692	3.3
416	373	0.013948674	3.3
416	386	0.001589618	3.3
416	391	0.046754947	3.3
416	399	0.006500716	3.3
419	399	2000	3.3
419	419	2000	3.3
454	399	0.779220779	3.3
462	304	14.92537313	3.3
462	391	14.92537313	3.3
462	399	0.039724952	3.3
462	416	0.038448229	3.3
16	16	428.5714286	3.4
16	118	0.138056396	3.4
20	20	0.12050578	3.4
20	118	0.01741508	3.4
20	123	0.002297423	3.4
20	132	0.020526856	3.4
20	143	0.000599204	3.4
20	159	0.003154639	3.4
27	27	2.37037037	3.4
46	46	1	3.4
46	159	1	3.4
54	54	0.02734407	3.4
68	446	0.007809473	3.3
92	100	0.031557687	3.4
100	92	0.015753738	3.4
100	100	0.02101613	3.4
107	107	0.013113206	3.4
113	113	0.039440342	3.4
113	159	0.036910951	3.4
118	440	0.010455184	3.3
118	16	0.51405072	3.4
118	20	0.250312891	3.4
118	137	0.076952016	3.4
118	155	1.238134544	3.4
118	180	0.140508641	3.4
128	128	0.11540015	3.4
128	159	0.575241601	3.4
130	446	0.007924656	3.3
132	20	0.068101335	3.4
132	118	0.04235613	3.4
137	118	2.467105263	3.4
155	118	1	3.4
155	155	1	3.4
158	158	20	3.4
159	20	0.08799361	3.4
159	27	0.200725959	3.4
159	46	2.23880597	3.4
159	113	0.026477275	3.4
159	128	0.067746088	3.4
159	183	0.071724006	3.4
167	167	1	3.4
177	427	0.13479814	3.3
180	118	1	3.4
180	180	1	3.4
183	159	1	3.4
256	118	2000	3.4
258	54	0.021456695	3.4
281	118	0.025570989	3.4
287	427	0.091196498	3.3
300	118	4.494382022	3.4
327	68	0.016693748	3.4
327	118	0.033676409	3.4
354	118	1	3.4
373	445	0.002969333	3.3
391	450	0.003404524	3.3
391	451	0.000925661	3.3
391	454	0.116767865	3.3
391	29	0.004125763	3.4
391	54	0.020857015	3.4
391	107	0.010393594	3.4
391	183	0.084295709	3.4
399	445	0.003765755	3.3
399	462	17.54385965	3.3
399	466	0.004300286	3.3
399	20	0.044174149	3.4
399	27	0.574202641	3.4
399	46	1.305483029	3.4
399	54	0.031585298	3.4
399	92	0.053402321	3.4
399	100	0.022030702	3.4
399	107	0.106439596	3.4
399	113	0.03310945	3.4
399	128	0.081632653	3.4
399	158	0.048840844	3.4
399	167	0.274857418	3.4
399	183	0.024803412	3.4
416	450	0.003644752	3.3
422	422	0.093707539	3.3
427	20	1.171646163	3.4
427	92	0.368867577	3.4
427	100	0.029069767	3.4
435	118	0.001593049	3.4
440	440	1	3.3
462	462	10.20408163	3.3
20	287	0.024737372	3.4
20	304	0.018900912	3.4
20	373	0.002593918	3.4
20	391	0.248921341	3.4
20	399	0.008109082	3.4
20	427	0.023591836	3.4
20	457	0.000573776	3.4
27	399	1.040582726	3.4
54	413	0.008024813	3.4
69	399	0.012316151	3.4
92	399	0.031739986	3.4
100	399	0.023124684	3.4
100	427	0.016456842	3.4
107	304	0.007550532	3.4
107	391	0.038258718	3.4
107	399	0.010700642	3.4
113	399	0.256706456	3.4
118	183	0.058078755	3.4
118	256	0.061703637	3.4
118	281	0.020980277	3.4
118	300	0.029873167	3.4
118	327	0.114659562	3.4
118	354	0.052991362	3.4
118	435	7.299270073	3.4
128	399	0.196811651	3.4
158	399	0.136930029	3.4
159	287	0.023059717	3.4
167	399	1	3.4
183	183	1	3.4
183	399	1	3.4
193	322	7.692307692	3.4
211	211	0.037625457	3.4
211	399	0.147234747	3.4
229	399	0.015608782	3.4
256	256	2000	3.4
258	353	0.152276534	3.4
258	413	0.005840439	3.4
273	273	0.343760743	3.4
273	391	0.007985937	3.4
281	281	0.02047041	3.4
287	208	0.009202341	3.4
300	399	0.032516095	3.4
311	311	1	3.4
311	399	1	3.4
312	238	0.004040254	3.4
312	312	0.031105305	3.4
312	344	0.002423257	3.4
312	399	0.004570363	3.4
322	193	0.006186248	3.4
322	399	0.003089471	3.4
327	327	0.259254458	3.4
327	399	0.993541977	3.4
353	258	1.968503937	3.4
353	353	0.282605624	3.4
353	399	2.99940012	3.4
354	354	1	3.4
373	300	0.033254041	3.4
391	247	0.001315345	3.4
391	363	0.002334711	3.4
391	413	0.005795086	3.4
399	211	0.022928971	3.4
399	300	0.560433402	3.4
399	311	0.324254215	3.4
399	316	0.000893111	3.4
399	327	0.256607647	3.4
399	353	0.011943222	3.4
399	363	0.002334078	3.4
399	413	0.00857925	3.4
399	416	0.028818007	3.4
413	399	1	3.4
413	413	1	3.4
427	287	0.024771176	3.4
427	391	0.252429635	3.4
435	399	0.001508388	3.4
435	435	5.617977528	3.4