b.source_id	c.target_id	weight	release
143	28	331647	2
143	35	1260571	2
143	48	330515	2
143	53	1437150	2
143	76	68552	2
143	88	734931	2
143	118	1243525	2
143	143	438174932	2
143	159	6667504	2
143	166	331474	2
143	170	40402	2
143	171	82891	2
143	173	43221	2
143	203	497644	2
143	206	7056309	2
143	207	10914020	2
143	212	727652	2
143	217	575950	2
143	220	5308034	2
143	241	6814505	2
304	1	333136	2
304	28	5422257	2
304	35	3425004	2
304	42	301764	2
304	47	9157191	2
304	48	5417905	2
304	53	485198	2
304	56	60431501	2
304	76	18719	2
304	88	14712181	2
304	132	3096539	2
304	135	2415745	2
304	143	568293006	2
304	159	29365624	2
304	166	5421769	2
304	170	397480	2
304	171	17970	2
304	173	10069771	2
304	200	622	2
304	203	2035052	2
304	206	3999050	2
304	207	8002425	2
304	212	12096965	2
304	217	10363655	2
304	220	4446195	2
304	241	7109138	2
304	242	1299036	2
304	243	1566106	2
304	248	9757860	2
304	258	27881885	2
373	35	1923333	2
373	53	1455895	2
373	63	1542084	2
373	143	178477687	2
373	159	224283428	2
373	171	241803	2
373	200	20069954	2
373	206	493185	2
373	207	30344137	2
373	242	17820971	2
373	243	7066787	2
373	258	4089321	2
391	159	1491472	2
391	171	29040	2
399	1	2150367	2
399	28	1346435	2
399	42	7743328	2
399	48	1345923	2
399	53	7174216	2
399	76	47796	2
399	88	3855151	2
399	136	1221151	2
399	143	862708624	2
399	159	326696510	2
399	166	1346378	2
399	171	530164	2
399	173	5418622	2
399	206	3900965	2
399	217	2636300	2
457	118	56829	2
457	143	41611791	2
457	159	2727084	2
457	203	15903	2
457	212	5576	2
143	258	46216896	2
143	276	3951971	2
143	279	1775113	2
143	295	28	2
143	304	444334626	2
143	309	2992544	2
143	310	9956373	2
143	315	5829370	2
143	320	162778	2
143	325	7430077	2
143	335	16557681	2
143	365	442	2
143	371	83453	2
143	373	58442174	2
143	391	6976705	2
143	399	117731878	2
143	427	1696763	2
143	457	42952064	2
143	463	618680	2
304	276	7828264	2
304	279	620188	2
304	295	7949556	2
304	301	6244989	2
304	304	1062373233	2
304	309	12961463	2
304	315	5755004	2
304	320	2180642	2
304	325	2886499	2
304	333	445483	2
304	335	19915065	2
304	344	784743	2
304	346	4781275	2
304	361	3163302	2
304	365	169521	2
304	371	33352	2
304	373	107586953	2
304	380	817802	2
304	391	27497940	2
304	399	173879163	2
304	424	36684082	2
304	427	5287585	2
304	449	1213847	2
304	457	86130276	2
304	463	615776	2
373	304	269491614	2
373	319	1640419	2
373	320	2613933	2
373	325	13272741	2
373	333	1786490	2
373	344	3542646	2
373	373	331803668	2
373	380	2500981	2
373	391	8766578	2
373	399	109035660	2
373	427	782150	2
373	449	1663340	2
373	457	79815135	2
373	463	3406315	2
391	391	34528771	2
391	399	115142564	2
391	457	9709955	2
391	463	246673	2
399	258	40205423	2
399	276	4145231	2
399	304	1220068206	2
399	309	2233401	2
399	319	15680833	2
399	346	119	2
399	361	1067347	2
399	371	3511942	2
399	373	330758056	2
399	391	76243010	2
399	399	1134576991	2
399	457	98227932	2
399	463	6856829	2
457	258	8282	2
457	276	1610	2
457	304	77381690	2
457	310	257222	2
457	320	309879	2
457	380	467143	2
457	391	2551434	2
457	399	8814495	2
457	457	78885527	2
28	143	253707	2
28	173	253707	2
42	42	903450	2
47	47	69150	2
47	135	32553	2
48	28	255	2
48	143	254365	2
48	166	227	2
48	173	198	2
53	53	0	2
76	76	0	2
76	143	0	2
88	28	92077	2
88	88	20921	2
88	166	91990	2
89	143	134892	2
126	126	3359	2
132	143	8212140	2
132	159	271091	2
132	207	1693049	2
136	159	116678	2
136	242	114504	2
146	146	314	2
170	170	0	2
171	143	6176	2
200	159	11	2
200	200	37	2
203	143	5706	2
203	203	2323	2
203	212	17	2
203	276	27469	2
206	143	652442	2
220	28	212797	2
220	48	212541	2
220	88	546314	2
220	143	9954667	2
220	166	212769	2
220	173	9	2
220	217	397309	2
220	220	7557243	2
242	159	117	2
242	242	2797	2
248	28	1581819	2
248	48	1580283	2
248	88	4192991	2
248	143	11413557	2
248	166	1581649	2
248	173	577196	2
248	217	2993924	2
248	220	305032	2
258	143	20098302	2
258	206	1140427	2
258	276	7080	2
276	258	2793	2
276	276	938796	2
279	159	1	2
279	279	1	2
295	143	55232	2
295	295	161662	2
301	301	186319	2
304	467	13920586	2
315	159	822	2
319	28	4760361	2
319	48	4755753	2
319	88	12623677	2
319	143	32893663	2
319	166	4759844	2
319	173	1325416	2
319	217	9011580	2
319	220	941414	2
319	248	1133966	2
320	143	221981	2
320	295	2	2
325	143	103273	2
325	159	28553	2
335	143	142459	2
335	159	14288	2
360	159	0	2
371	143	557	2
380	143	0	2
442	159	735	2
449	143	0	2
463	143	5698387	2
463	171	811083	2
28	304	436125	2
28	309	443482	2
42	399	2196156	2
47	304	4830260	2
47	329	716270	2
48	304	436381	2
48	309	443738	2
53	399	0	2
68	399	1039002	2
89	304	1228205	2
89	391	675960	2
89	399	54760	2
98	304	6740397	2
98	365	1535733	2
118	304	52868137	2
126	373	166906	2
132	444	275914	2
132	457	959555	2
135	304	1077013	2
135	329	170929	2
136	304	55971	2
136	373	53871	2
136	399	89790	2
146	399	157	2
159	304	348453903	2
170	304	257	2
171	304	2229	2
200	304	1	2
200	399	0	2
203	304	30874	2
203	457	14466	2
206	304	750518	2
206	399	37871	2
220	309	656280	2
220	319	11415	2
220	361	73253	2
242	304	117	2
248	304	8086404	2
248	309	4242717	2
248	319	1041377	2
248	361	744553	2
248	399	305089	2
258	304	25687899	2
258	373	72656	2
276	304	1523621	2
276	399	175652	2
276	457	1	2
295	304	153256	2
295	320	417	2
295	346	284516	2
295	391	7130	2
295	399	93495	2
301	304	184321	2
315	335	822	2
319	304	24767890	2
319	309	12743053	2
319	319	5255746	2
319	361	2248563	2
319	373	656755	2
320	320	515	2
320	391	40	2
325	325	103491	2
325	373	78778	2
329	304	9848611	2
333	333	115	2
333	373	24	2
335	304	559165	2
335	315	66856	2
335	335	69124	2
335	457	208149	2
360	360	0	2
365	304	217694	2
365	365	78201	2
371	304	530	2
371	371	1263	2
371	399	16	2
380	380	0	2
391	373	26294885	2
427	304	691396	2
427	373	37340	2
442	442	149286	2
449	449	3	2
463	373	835932	2
463	391	200918	2
35	35	3752797	2
88	48	91309	2
88	143	1145651	2
88	173	35212	2
143	45	6361	2.1
143	116	1397425	2.1
143	148	2341177	2.1
166	28	28	2
166	143	253736	2
166	173	28	2
171	463	8697	2
217	28	28285	2
217	48	27773	2
217	88	282	2
217	143	618070	2
217	166	28227	2
217	173	67	2
304	13	124807	2.1
304	14	26288	2.1
304	24	5968	2.1
304	25	1454408	2.1
304	30	32278	2.1
304	33	421162	2.1
304	45	1199012	2.1
304	54	446996	2.1
304	65	875184	2.1
304	89	8472655	2.1
304	108	353762	2.1
304	112	2553905	2.1
304	116	3601501	2.1
304	120	31287	2.1
304	122	1362491	2.1
304	126	291874	2.1
304	131	2137672	2.1
304	133	2310138	2.1
304	136	533674	2.1
304	141	1623989	2.1
304	148	4722920	2.1
304	150	1443470	2.1
304	168	4196	2.1
304	172	194368	2.1
304	178	1346366	2.1
304	181	12518589	2.1
304	185	2327924	2.1
304	188	2184442	2.1
304	194	9260	2.1
304	195	188051	2.1
304	196	12029141	2.1
304	205	57190	2.1
361	28	139544	2
361	48	139288	2
361	88	326553	2
361	143	1034236	2
361	166	139515	2
361	173	1018	2
373	10	313432	2.1
373	13	701048	2.1
373	14	166188	2.1
373	24	256415	2.1
373	25	39023	2.1
373	28	312501	2.1
373	34	1024758	2.1
373	48	312245	2.1
373	60	2902	2.1
373	88	845424	2.1
373	102	10008	2.1
373	122	1881400	2.1
373	132	4147102	2.1
373	133	3928749	2.1
373	134	407742	2.1
373	150	37467	2.1
373	164	1947261	2.1
373	166	312472	2.1
373	173	882172	2.1
373	178	23595	2.1
373	185	8609	2.1
373	195	260703	2.1
373	203	810589	2.1
373	212	6745950	2.1
403	42	3003	2
424	56	179414	2
457	34	71826	2.1
457	68	692776	2.1
463	463	9414330	2
35	241	12625385	2
35	304	8395103	2
35	373	2192967	2
56	304	47697643	2
88	217	99580	2
88	304	1411192	2
88	309	1422525	2
143	216	30949	2.1
143	275	174745	2.1
143	288	163118	2.1
143	302	48	2.1
143	333	293460	2.1
143	352	58445	2.1
143	396	60248	2.1
166	304	436154	2
166	309	443511	2
217	217	25902	2
217	304	900535	2
217	309	915251	2
304	216	6021548	2.1
304	219	632801	2.1
304	221	79697	2.1
304	236	285905	2.1
304	240	4731273	2.1
304	266	2147213	2.1
304	267	1019686	2.1
304	268	236452	2.1
304	275	173588	2.1
304	282	73264	2.1
304	283	318571	2.1
304	288	23638	2.1
304	293	114	2.1
304	299	12848	2.1
304	310	16945819	2.1
304	316	716541	2.1
304	317	4530	2.1
304	319	72833345	2.1
304	352	121431	2.1
304	367	1315624	2.1
304	395	8955566	2.1
304	396	893405	2.1
304	410	4146992	2.1
304	430	27686	2.1
304	434	209057	2.1
304	442	151499	2.1
304	443	281621	2.1
304	444	3256338	2.1
346	295	1581	2
346	304	13697	2
346	346	26948	2
346	391	539	2
346	399	13125	2
361	217	250803	2
361	304	688968	2
361	309	583027	2
373	217	596717	2.1
373	220	3475601	2.1
373	226	1482783	2.1
373	241	6049324	2.1
373	248	339488	2.1
373	266	91099	2.1
373	276	1524908	2.1
373	288	322029	2.1
373	293	165888	2.1
373	295	2500	2.1
373	308	403672	2.1
373	309	755984	2.1
373	310	9665939	2.1
373	328	150012	2.1
373	352	70637	2.1
373	361	172957	2.1
373	364	82177	2.1
373	367	5826619	2.1
373	371	19608	2.1
373	442	1944130	2.1
373	443	39159	2.1
403	304	1005	2
403	399	505	2
403	403	5	2
424	304	811185	2
424	424	435800	2
457	369	6041	2.1
457	373	22541443	2.1
457	430	6587	2.1
13	13	270849	2.1
34	34	1941	2.1
34	159	39	2.1
68	10	631440	2.1
68	68	10994930	2.1
68	132	303289	2.1
68	143	19055018	2.1
68	159	140073	2.1
68	207	4599247	2.1
68	276	39584	2.1
71	71	0	2.1
89	89	2481335	2.1
89	159	158073	2.1
108	108	114787	2.1
132	132	830192	2.1
132	141	31804	2.1
132	226	631487	2.1
133	133	3808	2.1
133	143	3337	2.1
143	449	3224160	2.1
143	1	100540	2.1
143	10	3146201	2.1
143	24	693466	2.1
143	25	1433	2.1
143	30	4073	2.1
143	33	209121	2.1
143	42	893312	2.1
143	68	3079429	2.1
143	84	26	2.1
143	89	4547915	2.1
143	108	123069	2.1
143	112	2761830	2.1
143	132	303346	2.1
143	133	257676	2.1
143	141	1168	2.1
143	149	181673	2.1
143	164	3857463	2.1
143	188	227119	2.1
143	195	76611	2.1
143	205	9115	2.1
143	221	39844	2.1
143	240	1837558	2.1
143	248	70107	2.1
143	267	1385	2.1
143	268	740803	2.1
159	10	266822	2.1
159	14	335485	2.1
159	33	3589215	2.1
159	34	95314	2.1
159	159	348391521	2.1
159	243	7981241	2.1
205	143	67	2.1
205	205	89	2.1
212	143	13092503	2.1
212	203	3720724	2.1
212	212	13502955	2.1
238	238	35609	2.1
272	272	18347	2.1
283	30	7629	2.1
283	143	3555	2.1
293	159	0	2.1
304	458	331410	2.1
310	159	48309	2.1
310	243	888335	2.1
373	451	850902	2.1
391	258	123891	2.1
399	10	2164220	2.1
399	30	20761	2.1
399	71	172935	2.1
399	84	6063	2.1
399	102	230402	2.1
399	104	6788	2.1
399	122	355712	2.1
399	132	4710915	2.1
399	195	106391	2.1
399	226	7217	2.1
399	266	13994	2.1
399	272	36456	2.1
451	118	619643	2.1
451	143	589623	2.1
451	159	2522	2.1
451	203	264088	2.1
451	212	317070	2.1
451	258	185913	2.1
13	373	281122	2.1
34	373	238	2.1
34	399	0	2.1
68	304	37825507	2.1
68	333	59000	2.1
68	352	38880	2.1
68	444	855115	2.1
68	449	568658	2.1
68	457	3017014	2.1
71	399	0	2.1
89	373	2326404	2.1
108	391	0	2.1
108	399	69619	2.1
132	304	21484091	2.1
132	373	1309572	2.1
132	399	513080	2.1
133	304	194168	2.1
133	373	3329	2.1
143	282	548	2.1
143	284	36948	2.1
143	293	84281	2.1
143	316	1429808	2.1
143	319	343999	2.1
143	361	135367	2.1
143	367	991647	2.1
143	380	4918674	2.1
143	384	3594	2.1
143	395	3480684	2.1
143	410	4911430	2.1
143	444	5200807	2.1
143	451	91709	2.1
159	293	472560	2.1
159	310	552690	2.1
159	325	32889021	2.1
159	344	4729992	2.1
159	373	355872898	2.1
159	451	383	2.1
159	457	125675748	2.1
205	304	67	2.1
212	304	13484187	2.1
212	367	206841	2.1
212	373	4589048	2.1
212	399	3903691	2.1
212	457	4705960	2.1
272	399	39469	2.1
283	283	74	2.1
283	304	11295	2.1
283	434	182	2.1
293	293	0	2.1
299	299	0	2.1
299	304	0	2.1
310	304	67819444	2.1
310	310	60449069	2.1
310	344	445013	2.1
310	395	28298531	2.1
310	451	7177	2.1
310	457	33808640	2.1
367	288	235935	2.1
367	367	685456	2.1
367	399	673224	2.1
391	304	188737221	2.1
391	335	315486	2.1
391	410	162	2.1
391	427	300788	2.1
399	278	12272	2.1
399	283	67606	2.1
399	339	134	2.1
399	410	5320556	2.1
399	427	4669910	2.1
399	433	5128	2.1
427	427	1008239	2.1
434	283	8	2.1
434	304	8	2.1
434	434	30	2.1
451	276	233464	2.1
451	295	366719	2.1
451	304	2370661	2.1
451	310	39604	2.1
451	346	249973	2.1
451	373	4073	2.1
451	391	43817	2.1
451	399	341185	2.1
463	304	4287593	2.1
463	399	4737675	2.1
10	10	236964	2.1
10	143	1133796	2.1
10	159	293	2.1
30	30	0	2.1
33	33	213210	2.1
33	143	320958	2.1
33	159	520872	2.1
45	45	3131	2.1
45	143	167828	2.1
45	188	165288	2.1
45	267	667	2.1
60	60	0	2.1
84	84	0	2.1
102	102	10324	2.1
104	104	0	2.1
112	112	436301	2.1
112	143	588688	2.1
120	172	59606	2.1
122	122	1751416	2.1
126	196	0	2.1
134	159	62411	2.1
143	458	87188	2.1
164	164	2601179	2.1
172	172	1226	2.1
173	173	10692225	2.1
188	45	470989	2.1
188	143	1263361	2.1
188	188	915837	2.1
188	267	447867	2.1
194	194	37878	2.1
195	195	116253	2.1
212	463	370656	2.1
221	143	1283414	2.1
221	221	664	2.1
221	268	314657	2.1
221	275	68632	2.1
226	132	499747	2.1
226	226	598032	2.1
231	231	0	2.1
236	120	11807	2.1
236	172	83222	2.1
258	10	172835	2.1
258	159	665817	2.1
258	258	3335677	2.1
267	45	1211291	2.1
267	143	3149109	2.1
267	188	2257714	2.1
267	267	932634	2.1
268	143	0	2.1
268	268	0	2.1
275	143	3266317	2.1
275	221	96653	2.1
275	268	743540	2.1
275	275	251904	2.1
276	10	87	2.1
276	112	923357	2.1
276	143	1993662	2.1
278	30	8489	2.1
278	143	4415	2.1
282	143	3237740	2.1
284	143	34832	2.1
287	116	1076818	2.1
287	240	1416499	2.1
319	25	43588	2.1
319	150	36961	2.1
319	178	14997	2.1
319	185	332	2.1
319	266	421635	2.1
333	68	7737	2.1
333	143	306857	2.1
339	30	20627	2.1
339	143	16554	2.1
365	98	60744	2.1
365	143	20010	2.1
367	463	54604	2.1
369	116	16245	2.1
369	240	8814	2.1
396	143	36207	2.1
396	188	52769	2.1
410	10	170794	2.1
410	143	3932594	2.1
410	258	1204182	2.1
443	159	148848	2.1
451	457	255708	2.1
10	304	4776622	2.1
10	373	526191	2.1
10	399	1469536	2.1
10	449	264449	2.1
30	304	0	2.1
33	304	297738	2.1
45	396	56436	2.1
45	399	9392	2.1
54	304	262182	2.1
54	399	729888	2.1
60	373	0	2.1
84	399	0	2.1
102	373	316	2.1
102	399	1619	2.1
104	399	0	2.1
112	276	561798	2.1
112	304	567635	2.1
120	304	79974	2.1
122	373	6104676	2.1
134	304	62411	2.1
134	373	126855	2.1
134	442	276323	2.1
164	373	96019	2.1
168	304	167	2.1
168	317	167	2.1
172	304	1226	2.1
173	319	865645	2.1
173	373	5794971	2.1
188	396	369445	2.1
188	399	62462	2.1
194	304	7582	2.1
195	304	31927	2.1
195	373	58720	2.1
221	304	628969	2.1
226	373	599671	2.1
226	399	116350	2.1
231	399	0	2.1
236	304	88739	2.1
258	410	89	2.1
267	304	639365	2.1
267	396	919957	2.1
267	399	50713	2.1
275	304	1492621	2.1
276	373	526186	2.1
276	449	264536	2.1
278	283	860	2.1
278	304	10426	2.1
282	282	2490	2.1
282	373	1540455	2.1
284	284	52635	2.1
287	287	1029411	2.1
287	304	6813328	2.1
287	369	347513	2.1
287	373	1313	2.1
308	308	0	2.1
308	328	0	2.1
317	304	0	2.1
317	317	0	2.1
319	399	1827407	2.1
328	308	243790	2.1
328	328	124027	2.1
328	373	353496	2.1
330	330	0	2.1
330	373	0	2.1
333	304	568746	2.1
339	278	12138	2.1
339	283	12998	2.1
339	304	82995	2.1
364	364	373504	2.1
364	399	638851	2.1
369	304	18287177	2.1
369	430	4	2.1
396	396	294	2.1
396	399	7890	2.1
410	304	8683126	2.1
410	391	1123523	2.1
410	399	8121733	2.1
410	410	2852828	2.1
430	304	2593	2.1
430	369	11715	2.1
430	430	12383	2.1
442	373	735	2.1
443	304	13334	2.1
443	373	93638	2.1
14	14	0	2.1
14	159	0	2.1
24	24	929002	2.1
24	143	547492	2.1
25	28	273478	2.1
25	48	273222	2.1
25	88	728355	2.1
25	143	1837840	2.1
25	166	273449	2.1
25	173	477	2.1
35	143	15609863	2.1
65	65	0	2.1
116	116	28542	2.1
131	131	801	2.1
141	141	0	2.1
148	143	254935	2.1
148	148	618436	2.1
149	143	468244	2.1
149	149	1837	2.1
150	25	1555	2.1
150	28	275034	2.1
150	48	274778	2.1
150	88	733022	2.1
150	143	1847292	2.1
150	166	275005	2.1
150	173	121	2.1
178	25	15427	2.1
178	28	288906	2.1
178	48	288650	2.1
178	88	774638	2.1
178	143	1944396	2.1
178	150	13871	2.1
178	166	288877	2.1
178	173	11166	2.1
181	132	60633	2.1
181	141	124241	2.1
181	143	926884	2.1
181	181	2430880	2.1
185	25	30413	2.1
185	28	303891	2.1
185	48	303635	2.1
185	88	819596	2.1
185	143	2049297	2.1
185	150	28857	2.1
185	166	303862	2.1
185	173	14630	2.1
185	178	14985	2.1
185	185	0	2.1
240	116	48058	2.1
241	35	332747	2.1
241	143	1012734	2.1
248	25	3891	2.1
248	150	2335	2.1
266	173	786	2.1
282	457	102521	2.1
287	458	74973	2.1
288	143	0	2.1
302	463	58470	2.1
302	143	34288	2.1
304	19	518645	2.2
304	23	54199	2.2
304	34	3192806	2.2
304	40	8865529	2.2
304	43	3070001	2.2
304	61	692158	2.2
304	94	6630	2.2
304	97	19724	2.2
304	98	1096636	2.2
304	102	927616	2.2
304	114	72172	2.2
304	130	133259	2.2
304	164	6039731	2.2
304	175	892804	2.2
304	182	21177	2.2
316	143	1912108	2.1
333	457	3804	2.1
352	10	517	2.1
352	68	153	2.1
352	143	14029	2.1
373	114	58141	2.2
373	170	9551	2.2
384	143	0	2.1
443	451	73354	2.1
458	116	283964	2.1
24	304	120425	2.1
24	373	1239	2.1
24	399	16884	2.1
25	217	518671	2.1
25	220	60680	2.1
25	248	62937	2.1
25	304	1390879	2.1
25	309	716961	2.1
25	319	205827	2.1
25	361	133934	2.1
25	399	60689	2.1
65	391	0	2.1
116	240	28802	2.1
116	304	847	2.1
116	369	4818	2.1
131	304	481	2.1
131	391	245	2.1
141	304	0	2.1
148	304	361157	2.1
150	217	521781	2.1
150	220	62236	2.1
150	248	70715	2.1
150	304	1407940	2.1
150	309	718516	2.1
150	319	227200	2.1
150	361	135489	2.1
150	399	62245	2.1
178	217	549525	2.1
178	220	76108	2.1
178	248	151611	2.1
178	304	1560532	2.1
178	309	732388	2.1
178	319	454927	2.1
178	361	149361	2.1
178	399	76117	2.1
181	304	3414566	2.1
185	217	579497	2.1
185	220	91093	2.1
185	248	241523	2.1
185	304	1740003	2.1
185	309	747374	2.1
185	319	709683	2.1
185	361	164347	2.1
185	399	91102	2.1
219	219	36773	2.1
219	304	640	2.1
240	240	21462	2.1
240	304	8386	2.1
241	241	884014	2.1
241	304	509932	2.1
241	373	69381	2.1
248	248	317603	2.1
266	266	31660	2.1
266	304	30678	2.1
266	319	62222	2.1
266	399	49325	2.1
288	288	0	2.1
288	367	0	2.1
295	373	180	2.1
304	187	55324	2.2
304	202	525	2.2
304	233	258	2.2
304	235	1336953	2.2
304	238	130443	2.2
304	244	3070329	2.2
304	245	42483	2.2
304	287	3702079	2.2
304	328	110	2.2
304	331	6169446	2.2
304	369	4949027	2.2
304	389	1265789	2.2
316	220	2094265	2.1
316	304	158341	2.1
316	316	976	2.1
316	399	388	2.1
352	276	429	2.1
352	304	266294	2.1
352	373	527027	2.1
373	238	29508	2.2
384	384	0	2.1
433	399	0	2.1
458	240	372201	2.1
458	304	258172	2.1
458	369	90846	2.1
34	56	386323	2.2
34	143	33189	2.2
68	34	601199	2.2
68	56	11143837	2.2
68	122	200682	2.2
108	164	768	2.2
114	114	2737	2.2
114	143	3949	2.2
114	170	455	2.2
114	187	2510	2.2
132	117	38987	2.2
133	182	21785	2.2
143	34	512716	2.2
143	40	81369	2.2
143	56	6477670	2.2
143	65	132618	2.2
143	94	6711	2.2
143	98	1182125	2.2
143	102	9777	2.2
143	114	47742	2.2
143	126	207418	2.2
143	130	13831	2.2
143	175	876105	2.2
143	181	29935	2.2
143	187	26019	2.2
143	196	65121	2.2
159	117	2179716	2.2
159	129	1875727	2.2
159	143	298962087	2.2
170	143	1773	2.2
196	126	391756	2.2
196	196	7363364	2.2
238	143	1893	2.2
238	170	32	2.2
249	159	279897	2.2
258	130	203806	2.2
304	415	16856	2.2
304	425	103674	2.2
304	451	2195508	2.2
310	89	2260034	2.2
310	114	48051	2.2
310	143	38287387	2.2
310	170	51236	2.2
352	449	264966	2.1
367	68	184447	2.2
367	132	243867	2.2
367	143	5120868	2.2
367	159	92922	2.2
373	425	6856	2.2
373	33	942864	2.2
373	68	4266007	2.2
373	117	1537560	2.2
373	129	1229878	2.2
373	175	66090	2.2
373	187	27747	2.2
391	19	169931	2.2
391	65	899030	2.2
391	68	826149	2.2
391	89	1243433	2.2
391	102	5301	2.2
391	132	243893	2.2
391	133	4915081	2.2
391	148	586073	2.2
391	181	9627885	2.2
399	24	8524817	2.2
399	33	3738216	2.2
399	45	3062412	2.2
399	63	1609986	2.2
399	65	102456	2.2
399	108	3525183	2.2
399	114	1073	2.2
399	118	188773702	2.2
399	133	791893	2.2
399	164	13884157	2.2
399	170	533	2.2
399	175	2099502	2.2
399	182	988112	2.2
399	188	5379279	2.2
399	193	1999572	2.2
399	207	11832218	2.2
433	433	0	2.1
457	98	974989	2.2
457	181	2763075	2.2
457	207	2161732	2.2
34	304	1902745	2.2
34	424	1186804	2.2
68	369	14495	2.2
68	373	3669159	2.2
68	424	5965214	2.2
89	287	251652	2.2
89	310	20694	2.2
108	304	26390	2.2
114	238	4482	2.2
114	304	5565	2.2
114	310	40838	2.2
114	373	2082	2.2
114	399	18754	2.2
133	399	862	2.2
143	233	3710797	2.2
143	235	23725	2.2
143	238	21424	2.2
143	245	73857	2.2
143	270	5931	2.2
143	287	404831	2.2
143	301	183430	2.2
143	330	122371	2.2
143	368	860	2.2
143	369	465111	2.2
143	415	28111	2.2
143	416	13	2.2
143	424	10270174	2.2
143	425	210803	2.2
170	238	3605	2.2
170	310	35016	2.2
170	373	376	2.2
170	399	9560	2.2
196	304	4674835	2.2
238	310	35425	2.2
238	373	442	2.2
249	304	281590	2.2
249	373	562778	2.2
258	310	82478	2.2
258	391	258279	2.2
258	399	3948137	2.2
301	373	0	2.2
301	399	60902	2.2
310	238	135733	2.2
310	258	9220	2.2
310	373	35858180	2.2
310	399	22330881	2.2
367	207	2668519	2.2
367	304	5757150	2.2
367	373	1536054	2.2
373	233	6416	2.2
373	249	4968297	2.2
373	270	6717	2.2
373	275	250076	2.2
373	287	1820248	2.2
373	301	501880	2.2
373	330	391188	2.2
373	368	138551	2.2
373	395	2062510	2.2
389	304	114961	2.2
389	389	587784	2.2
391	207	2668622	2.2
391	287	4082608	2.2
391	310	671958	2.2
391	333	115486	2.2
391	367	25	2.2
399	233	18443623	2.2
399	245	2732000	2.2
399	267	3243179	2.2
399	275	383184	2.2
399	279	7274478	2.2
399	287	8120461	2.2
399	301	5562892	2.2
399	310	51744808	2.2
399	328	133264	2.2
399	364	8486570	2.2
399	368	260880	2.2
399	395	4159812	2.2
399	396	2149059	2.2
399	403	1298527	2.2
399	415	56277	2.2
399	420	427854	2.2
399	425	330407	2.2
457	216	78	2.2
457	333	106009	2.2
10	34	4623	2.2
10	56	443032	2.2
10	68	1082534	2.2
19	89	6618	2.2
40	40	1300	2.2
40	143	367	2.2
42	143	38771	2.2
43	10	1449	2.2
43	34	6073	2.2
43	56	461881	2.2
43	68	5802	2.2
43	143	73527	2.2
56	10	781534	2.2
56	34	812677	2.2
56	43	772835	2.2
56	56	19583627	2.2
56	68	1000098	2.2
56	143	6203670	2.2
61	61	0	2.2
66	66	0	2.2
66	143	0	2.2
94	94	0	2.2
97	97	0	2.2
98	98	4871886	2.2
98	116	946317	2.2
98	143	1255132	2.2
98	159	33577	2.2
102	181	8277	2.2
117	117	155577	2.2
117	129	57184	2.2
117	132	57598	2.2
117	159	176649	2.2
129	117	502363	2.2
129	129	45392	2.2
129	132	173207	2.2
129	159	427105	2.2
130	130	433691	2.2
130	143	854873	2.2
164	108	871516	2.2
164	143	1144198	2.2
164	175	308547	2.2
173	45	419344	2.2
173	143	5547263	2.2
173	188	736787	2.2
175	143	232575	2.2
175	164	407565	2.2
175	175	4705	2.2
181	102	444690	2.2
182	133	4	2.2
182	182	43392	2.2
187	114	227	2.2
202	98	243166	2.2
202	116	1311070	2.2
202	143	816473	2.2
202	202	1460	2.2
212	451	222772	2.2
233	143	5270	2.2
235	143	33	2.2
244	10	1424	2.2
244	34	6048	2.2
244	56	461553	2.2
244	68	5777	2.2
244	143	73350	2.2
258	425	93028	2.2
258	457	1466537	2.2
270	143	11876	2.2
276	40	780	2.2
276	45	397853	2.2
276	188	700153	2.2
287	143	1403874	2.2
331	10	802	2.2
331	68	9376	2.2
367	444	519782	2.2
367	457	1691159	2.2
368	143	33	2.2
369	68	6797909	2.2
369	143	11828073	2.2
373	444	3664579	2.2
376	132	133597	2.2
376	141	165401	2.2
376	143	164233	2.2
376	181	206561	2.2
391	444	519807	2.2
425	143	6859847	2.2
10	331	131	2.2
10	424	1205298	2.2
19	287	86091	2.2
19	304	67543	2.2
19	391	95434	2.2
23	304	20877	2.2
40	276	195	2.2
40	391	325	2.2
42	304	868220	2.2
43	244	25	2.2
43	304	1973237	2.2
43	331	2227	2.2
43	424	1211098	2.2
56	244	772985	2.2
56	331	1559037	2.2
56	424	24434099	2.2
61	304	0	2.2
94	304	0	2.2
97	304	0	2.2
98	240	1248920	2.2
98	287	228437	2.2
98	369	307821	2.2
98	373	3955476	2.2
98	380	1726734	2.2
102	304	4624	2.2
117	373	102712	2.2
129	373	207109	2.2
130	258	161474	2.2
130	304	732745	2.2
164	304	427832	2.2
164	399	593061	2.2
173	267	435144	2.2
173	276	7163	2.2
173	304	8623372	2.2
173	396	298375	2.2
173	399	7181842	2.2
175	304	28708	2.2
182	304	940	2.2
182	399	867	2.2
187	304	134	2.2
187	373	26	2.2
188	276	6345	2.2
188	304	295915	2.2
202	240	1735258	2.2
202	287	593190	2.2
202	304	2465935	2.2
202	369	429406	2.2
233	233	207469	2.2
233	304	4328	2.2
233	373	33936	2.2
233	399	278217	2.2
235	235	863180	2.2
235	304	149430	2.2
244	304	1973506	2.2
244	331	2176	2.2
244	424	1210998	2.2
245	245	0	2.2
245	399	0	2.2
258	275	193021	2.2
270	270	4237	2.2
270	373	1756	2.2
275	399	257	2.2
276	267	392163	2.2
276	391	171	2.2
276	396	284048	2.2
287	391	817387	2.2
287	399	2179106	2.2
328	304	16162	2.2
328	399	47754	2.2
368	368	152	2.2
368	399	33	2.2
369	369	943276	2.2
369	399	305238	2.2
376	304	234149	2.2
415	399	0	2.2
415	415	0	2.2
420	399	73476	2.2
420	420	69802	2.2
425	258	67506	2.2
425	275	79349	2.2
425	304	2521860	2.2
425	373	3849	2.2
425	399	496770	2.2
449	304	3	2.2
31	31	0	2.3
39	39	0	2.3
58	58	163840	2.3
79	79	158	2.3
85	85	23324	2.3
98	457	2912689	2.2
98	458	126129	2.2
102	457	4624	2.2
115	115	230491	2.3
122	68	574683	2.3
126	143	1209631	2.3
130	457	405323	2.2
139	139	833487	2.3
143	54	158559	2.3
143	66	37122	2.3
143	194	1732	2.3
143	237	150743	2.3
143	253	2326	2.3
147	75	36500	2.3
149	233	1247166	2.3
153	143	38173	2.3
159	53	428947	2.3
159	118	7071096	2.3
159	134	413200	2.3
159	242	20096968	2.3
159	258	4196523	2.3
159	279	1833155	2.3
161	161	0	2.3
173	248	773983	2.3
181	457	544874	2.2
194	143	8450	2.3
194	216	4077	2.3
202	458	247714	2.2
237	39	60603	2.3
237	143	1160015	2.3
237	149	75313	2.3
237	233	3096850	2.3
237	237	82	2.3
238	258	0	2.3
253	10	651707	2.3
258	238	46072	2.3
259	259	0	2.3
287	19	196460	2.3
287	89	602621	2.3
287	132	890493	2.3
287	141	985905	2.3
287	181	2927656	2.3
301	143	76781	2.3
304	10	7178001	2.3
304	39	4954	2.3
304	79	52463	2.3
304	118	13392702	2.3
304	139	1537990	2.3
304	259	24654	2.3
308	47	1419348	2.3
308	135	362976	2.3
331	424	2413284	2.2
331	34	9918	2.2
331	56	894796	2.2
331	143	131457	2.2
397	54	3120	2.3
399	19	574208	2.3
399	47	1445911	2.3
399	58	140489	2.3
399	75	77326	2.3
399	85	31626	2.3
399	115	854380	2.3
399	126	3113418	2.3
399	131	9559591	2.3
399	135	369616	2.3
399	141	1194096	2.3
399	147	4324	2.3
399	153	23702	2.3
399	161	4025534	2.3
399	181	4105737	2.3
399	194	10312539	2.3
399	259	59	2.3
420	143	49806	2.3
420	153	2830	2.3
425	425	226630	2.2
427	159	104476	2.3
457	102	444651	2.3
457	139	3930585	2.3
457	279	1325000	2.3
31	399	0	2.3
39	399	0	2.3
54	397	162	2.3
58	399	310519	2.3
75	399	48133	2.3
75	420	48068	2.3
79	304	8	2.3
85	399	28323	2.3
115	399	323282	2.3
122	304	4086203	2.3
122	399	1217845	2.3
126	304	1847168	2.3
126	399	2334	2.3
139	304	273489	2.3
143	377	16403	2.3
143	420	825	2.3
147	399	157595	2.3
149	304	156404	2.3
149	399	311428	2.3
153	399	70067	2.3
153	420	54687	2.3
159	315	6250449	2.3
159	335	18797669	2.3
159	399	129883992	2.3
161	399	0	2.3
164	391	1094	2.3
181	391	404393	2.3
194	399	4073	2.3
237	304	443771	2.3
237	399	481425	2.3
248	373	288973	2.3
258	315	1052354	2.3
258	335	3024990	2.3
259	304	0	2.3
287	376	489700	2.3
304	308	20023	2.3
304	342	330345	2.3
304	370	17856	2.3
304	374	3882241	2.3
304	376	817922	2.3
304	377	2743789	2.3
304	398	52822	2.3
304	402	342195	2.3
308	304	10293067	2.3
308	329	533905	2.3
310	335	3449382	2.3
310	391	3249018	2.3
320	304	685566	2.3
320	310	167203	2.3
320	373	73184	2.3
320	399	35494	2.3
321	321	0	2.3
321	399	0	2.3
331	304	3919483	2.2
331	331	934	2.2
342	304	32620	2.3
342	342	141409	2.3
342	399	98794	2.3
369	373	226	2.3
370	304	0	2.3
370	370	0	2.3
373	398	56703	2.3
374	304	91445	2.3
374	374	22999	2.3
374	399	378600	2.3
377	304	303755	2.3
377	377	1	2.3
397	397	221238	2.3
398	304	169890	2.3
398	373	542724	2.3
399	308	29187	2.3
399	315	7677740	2.3
399	321	24292	2.3
399	325	7022145	2.3
399	335	24028592	2.3
399	342	839592	2.3
399	374	2729038	2.3
399	376	863292	2.3
399	402	11958	2.3
402	304	0	2.3
402	402	0	2.3
427	310	0	2.3
427	399	366814	2.3
461	373	0	2.3
7	7	0	3
50	50	190796	3
50	143	1208770	3
50	159	82893	3
68	43	588781	3
106	106	1451707	3
109	109	8821	3
118	216	13314077	3
126	457	2437484	2.3
133	181	179256	3
137	137	14773	3
139	457	399938	2.3
143	7	423	3
143	26	13872	3
143	43	218875	3
143	50	384967	3
143	193	0	3
147	420	84569	2.3
159	427	1084526	2.3
159	442	1379050	2.3
159	39	599066	3
159	50	622792	3
159	82	556222	3
159	89	8787378	3
159	98	3191166	3
159	136	13181666	3
159	196	20994	3
159	224	230624	3
216	118	4891725	3
216	143	77556027	3
216	216	61251599	3
224	117	1251818	3
224	129	1372302	3
224	132	429680	3
224	159	2387189	3
253	143	593011	2.3
258	118	713032	3
287	102	176499	3
304	7	58729	3
304	11	40886	3
304	18	10976416	3
304	50	56218	3
304	82	258839	3
304	92	411893	3
304	105	261061	3
304	106	1170676	3
304	138	0	3
304	215	6604932	3
308	137	363	3
310	427	182200	2.3
310	216	696174	3
320	457	14378	2.3
326	117	970059	3
326	129	1145020	3
326	132	329557	3
326	159	2032529	3
369	461	226	2.3
373	39	118481	3
373	93	1551083	3
373	98	3120642	3
373	126	2166668	3
373	136	8440547	3
373	224	230775	3
377	143	168000	3
391	105	140884	3
391	131	7716213	3
399	26	409287	3
399	31	213572	3
399	34	878574	3
399	39	4614360	3
399	50	3479500	3
399	57	815319	3
399	82	351334	3
399	98	6945195	3
399	109	9006	3
399	137	44499	3
399	149	805855	3
399	151	430249	3
399	187	4360	3
399	200	11528620	3
399	216	78227590	3
414	143	43826	3
457	89	2413178	3
461	461	0	2.3
7	304	0	3
50	304	510402	3
50	399	433800	3
68	244	588832	3
68	331	1182017	3
68	397	151044	3
109	304	10826115	3
109	391	1629161	3
109	399	1314372	3
118	258	1631759	3
133	391	11304	3
137	308	1543	3
137	399	2985	3
143	244	218901	3
143	246	416527	3
143	331	439978	3
143	382	15160	3
143	397	472791	3
143	414	3940	3
159	237	296048	3
159	249	7828677	3
159	297	7394868	3
159	305	7884676	3
159	326	506	3
159	369	37367	3
159	391	16259848	3
159	426	958130	3
173	310	75174	3
216	304	124208340	3
216	310	16119414	3
216	373	4991213	3
216	399	69723864	3
224	224	240	3
224	373	1777847	3
238	304	696424	3
238	399	2114221	3
250	250	0	3
250	304	0	3
253	410	240456	2.3
304	250	21110	3
304	261	1902042	3
304	271	9577071	3
304	297	4109695	3
304	302	4724	3
304	305	4389583	3
304	397	2333469	3
304	414	158132	3
304	426	431559	3
308	399	363	3
326	224	229433	3
326	373	1462507	3
329	329	0	3
373	237	57877	3
373	261	81764	3
373	271	963888	3
373	296	5141	3
373	326	671	3
373	360	3493032	3
373	369	244075	3
373	386	13668	3
373	402	94003	3
377	399	53795	3
386	386	1146	3
386	399	89	3
391	414	43996	3
399	237	5258169	3
399	238	1098574	3
399	246	5477204	3
399	250	3201	3
399	255	861847	3
399	297	4259132	3
399	305	4539023	3
399	314	84	3
399	350	992654	3
399	369	1432376	3
399	382	414440	3
399	386	16224550	3
399	397	1348286	3
399	414	129561	3
399	426	580996	3
399	453	200822	3
414	399	133210	3
414	414	78994	3
457	238	28152	3
11	102	235291	3
11	143	460805	3
11	181	1916496	3
18	18	17911720	3
26	143	825928	3
26	149	99141	3
26	233	2040299	3
26	237	122967	3
57	255	9305	3
74	133	333201	3
74	182	1021383	3
82	143	3092201	3
82	159	56943	3
92	92	59479	3
92	143	12765843	3
93	159	680607	3
93	200	2764673	3
106	216	675297	3.1
109	457	3324927	3
143	73	8191	3.1
151	57	77014	3
151	255	86319	3
159	461	37819	3
173	457	380443	3
187	187	108	3
216	457	9000971	3
238	457	0	3
246	246	627441	3
255	255	0	3
261	143	438343	3
287	457	442464	3
302	105	77147	3
304	459	654844	3
304	461	159973	3
304	68	13397139	3.1
304	73	132147	3.1
304	86	1206779	3.1
304	165	3081	3.1
304	177	2037	3.1
304	218	1134412	3.1
304	239	171036	3.1
304	249	453317	3.1
318	57	93173	3
318	151	16159	3
350	57	132744	3
373	461	244753	3
373	73	62222	3.1
373	81	31089	3.1
373	89	5945482	3.1
373	101	381896	3.1
373	106	80	3.1
373	118	2958182	3.1
373	165	596230	3.1
373	177	823211	3.1
373	210	110722	3.1
373	216	110454	3.1
373	239	3490940	3.1
373	251	127650	3.1
382	143	820776	3
382	149	97853	3
382	233	2029993	3
382	237	120391	3
391	467	2608964	3
397	10	220318	3
397	34	224942	3
397	43	218868	3
397	56	4022865	3
397	68	224671	3
397	143	1608627	3
397	244	218893	3
399	55	59521	3.1
399	68	9545568	3.1
399	78	90594	3.1
399	81	38689	3.1
399	110	9726	3.1
399	119	103	3.1
399	156	46886	3.1
399	178	844741	3.1
399	220	31881405	3.1
399	223	817	3.1
399	230	389203	3.1
399	231	1739429	3.1
426	143	2919955	3
426	159	666347	3
11	287	58792	3
11	304	2462830	3
11	391	229990	3
11	399	55487	3
18	304	10047512	3
26	304	255546	3
26	382	1288	3
26	399	256828	3
56	397	175318	3
57	399	9305	3
74	304	333715	3
74	399	2341106	3
82	297	976949	3
82	304	2879530	3
82	305	1046922	3
82	373	723762	3
82	426	57415	3
92	271	4241193	3
92	304	27060291	3
92	373	385637	3
93	373	680607	3
105	304	11705895	3
105	399	114	3
106	373	0	3.1
106	391	3285779	3.1
106	416	0	3.1
151	350	47276	3
151	399	47276	3
246	399	948372	3
255	399	0	3
261	301	323536	3
261	304	541342	3
261	399	403445	3
263	399	97	3
296	296	5	3
296	373	5	3
302	304	13232336	3
302	391	13408	3
302	399	48796	3
304	265	157727	3.1
304	294	149343	3.1
304	329	7012220	3.1
304	412	337	3.1
304	439	226854	3.1
304	453	181822	3.1
314	314	0	3
314	399	0	3
318	255	102479	3
318	350	63436	3
318	399	31812	3
350	255	151355	3
350	399	65309	3
364	373	675455	3
373	291	266	3.1
373	292	2454090	3.1
373	329	203606	3.1
373	416	707768	3.1
373	431	1002428	3.1
373	453	39943	3.1
382	304	254258	3
382	399	314406	3
397	304	5820091	3
397	331	439964	3
397	424	2086574	3
399	261	2019660	3.1
399	298	17059	3.1
399	313	2395557	3.1
399	318	365357	3.1
399	336	1079308	3.1
399	344	3509489	3.1
399	385	704299	3.1
399	387	2902209	3.1
399	404	266752	3.1
399	408	50252	3.1
399	438	451278	3.1
406	406	130	3
426	297	919533	3
426	304	2650341	3
426	305	989506	3
426	373	666347	3
453	399	181755	3
453	453	718	3
455	399	0	3
459	391	313	3
11	457	736426	3
82	457	2046085	3
92	457	7253654	3
105	467	1234040	3
118	37	8096	3.1
118	51	184543	3.1
118	87	177076	3.1
118	101	444627	3.1
118	105	708274	3.1
118	118	273989773	3.1
118	143	26314187	3.1
118	159	47759869	3.1
118	168	20370	3.1
118	173	906139	3.1
118	177	69797	3.1
132	10	765669	3.1
132	34	774916	3.1
132	43	762769	3.1
132	56	13884720	3.1
132	68	1122352	3.1
159	68	10033320	3.1
159	93	3183220	3.1
159	101	244682	3.1
159	132	7021677	3.1
159	165	66372	3.1
159	177	29140	3.1
159	200	34850291	3.1
159	207	38463642	3.1
159	220	5755808	3.1
177	39	2484536	3.1
177	118	1417	3.1
177	143	3206610	3.1
177	159	8832171	3.1
177	177	13827807	3.1
196	68	1785425	3.1
196	143	3004498	3.1
239	143	1701489	3.1
239	159	5868813	3.1
251	159	0	3.1
263	455	97	3
302	467	1311187	3
329	68	1105662	3.1
329	132	704475	3.1
329	159	460581	3.1
329	207	4510949	3.1
336	127	1795	3.1
344	159	8855566	3.1
391	73	169365	3.1
391	81	38712	3.1
391	101	135955	3.1
391	106	137891	3.1
399	460	292549	3.1
399	467	13112399	3.1
399	12	179592	3.1
399	18	9339989	3.1
399	23	1935517	3.1
399	25	860169	3.1
399	38	183935	3.1
399	51	525193	3.1
399	73	36715	3.1
399	74	674924	3.1
399	89	13695816	3.1
399	90	346814	3.1
399	93	699397	3.1
399	99	24145	3.1
399	101	110182	3.1
399	103	11139	3.1
399	105	3240079	3.1
399	130	904137	3.1
399	142	10300	3.1
399	150	858613	3.1
399	154	2870227	3.1
399	163	908	3.1
399	165	24897	3.1
399	176	28643	3.1
399	185	829756	3.1
399	196	12214654	3.1
399	212	4740215	3.1
416	51	624014	3.1
416	74	455426	3.1
416	159	631623	3.1
426	457	1931254	3
455	455	0	3
459	459	95345	3
118	220	10021044	3.1
118	302	553980	3.1
118	307	297925	3.1
118	340	52542	3.1
118	372	19125	3.1
118	373	2229583	3.1
118	387	2147	3.1
118	391	10269609	3.1
118	394	89785	3.1
118	399	133583262	3.1
118	416	5373645	3.1
127	336	58254	3.1
127	399	5613	3.1
127	416	20340	3.1
132	244	762819	3.1
132	331	1529994	3.1
132	397	325032	3.1
132	424	5473277	3.1
159	239	2811582	3.1
159	251	1915539	3.1
159	292	819980	3.1
159	329	853130	3.1
159	334	1578	3.1
159	360	1863692	3.1
159	367	5695336	3.1
159	378	37944	3.1
159	401	721205	3.1
159	416	1031819	3.1
159	431	2086795	3.1
177	237	2120916	3.1
177	304	14197872	3.1
177	373	1790156	3.1
177	391	878	3.1
177	399	7629604	3.1
196	399	3431339	3.1
196	408	37406	3.1
239	239	370268	3.1
239	249	888273	3.1
239	261	421048	3.1
239	301	1165633	3.1
239	304	4879861	3.1
239	373	7626632	3.1
239	399	2203248	3.1
251	251	0	3.1
329	367	460607	3.1
329	373	2903019	3.1
336	336	19973	3.1
336	399	1295	3.1
336	416	360	3.1
344	239	794716	3.1
344	249	1285633	3.1
344	304	2227810	3.1
344	344	3950	3.1
344	373	9261359	3.1
344	399	47457	3.1
391	265	1140016	3.1
391	320	8848833	3.1
391	386	347	3.1
391	428	4419544	3.1
399	239	1496986	3.1
399	247	9690753	3.1
399	248	5220061	3.1
399	249	1287375	3.1
399	265	381634	3.1
399	269	274976	3.1
399	280	284338	3.1
399	294	465158	3.1
399	302	3143645	3.1
399	303	648	3.1
399	320	3798252	3.1
399	329	3040137	3.1
399	334	565974	3.1
399	367	6649851	3.1
399	370	306662	3.1
399	372	13879	3.1
399	377	5783566	3.1
399	412	3624	3.1
399	418	42964	3.1
399	428	1724	3.1
399	431	425290	3.1
399	439	600864	3.1
408	399	0	3.1
408	408	0	3.1
414	304	8827	3.1
23	23	0	3.1
38	57	138529	3.1
38	151	61515	3.1
38	255	147834	3.1
51	51	0	3.1
55	38	127563	3.1
55	55	34257	3.1
55	57	543150	3.1
55	151	312108	3.1
55	255	571068	3.1
73	73	13071	3.1
73	89	181473	3.1
73	143	12620	3.1
74	143	362485	3.1
81	81	0	3.1
87	118	216651	3.1
99	99	11549	3.1
101	101	1671	3.1
101	159	468	3.1
110	110	0	3.1
118	450	1935324	3.1
118	457	10530350	3.1
118	465	816	3.1
118	467	3176354	3.1
119	33	1886171	3.1
119	143	2857216	3.1
119	159	11882610	3.1
130	90	129477	3.1
154	154	112	3.1
159	441	146865	3.1
163	163	0	3.1
165	159	1103	3.1
165	165	4292	3.1
168	87	162	3.1
168	118	12359	3.1
173	90	174321	3.1
173	118	482517	3.1
173	130	398817	3.1
176	176	0	3.1
177	453	12444	3.1
216	12	574034	3.1
216	106	520413	3.1
216	194	14508443	3.1
220	105	751032	3.1
220	118	7956896	3.1
220	132	9348	3.1
220	159	590378	3.1
220	239	17967	3.1
246	143	535872	3.1
247	247	1141834	3.1
258	78	177107	3.1
286	132	76975	3.1
286	159	447202	3.1
289	1	0	3.1
291	159	119626	3.1
291	165	60905	3.1
307	118	242664	3.1
313	173	1733	3.1
329	444	980389	3.1
329	457	3072980	3.1
329	143	8406976	3.1
340	118	0	3.1
350	151	25993	3.1
355	173	665052	3.1
363	247	3983252	3.1
378	159	36307	3.1
386	159	12	3.1
387	118	1097839	3.1
391	439	227786	3.1
391	459	558456	3.1
399	450	5678612	3.1
399	459	1458940	3.1
404	57	117825	3.1
404	151	40811	3.1
418	26	117992	3.1
418	143	1402018	3.1
418	149	217134	3.1
418	233	2984238	3.1
418	237	358953	3.1
431	93	137053	3.1
431	159	136610	3.1
431	200	3312888	3.1
441	159	0	3.1
465	118	0	3.1
23	399	0	3.1
38	318	45355	3.1
38	350	144313	3.1
38	399	81965	3.1
55	318	263628	3.1
55	350	688066	3.1
55	399	362426	3.1
73	373	166718	3.1
73	391	57100	3.1
73	399	265050	3.1
81	391	0	3.1
87	394	1266	3.1
98	399	1492665	3.1
99	399	406083	3.1
103	399	4603	3.1
110	399	0	3.1
119	304	3269942	3.1
119	373	2121995	3.1
119	399	3309430	3.1
130	385	264719	3.1
130	399	394179	3.1
154	399	18	3.1
163	399	0	3.1
165	304	1210	3.1
165	373	11630	3.1
165	399	1088	3.1
168	394	1608	3.1
173	313	131930	3.1
173	355	1555463	3.1
173	385	353586	3.1
176	399	0	3.1
220	261	1702162	3.1
220	298	2094	3.1
220	301	4698472	3.1
220	302	596738	3.1
220	304	61349619	3.1
220	373	1611622	3.1
220	391	1664651	3.1
220	399	20460784	3.1
247	391	2858	3.1
247	399	572475	3.1
269	269	0	3.1
269	399	0	3.1
280	280	0	3.1
280	399	0	3.1
286	373	126176	3.1
289	289	0	3.1
291	304	29517	3.1
291	373	599488	3.1
291	399	49001	3.1
302	302	1	3.1
307	307	121021	3.1
313	313	3095	3.1
313	399	0	3.1
329	386	702414	3.1
329	391	460581	3.1
329	399	695575	3.1
340	340	0	3.1
347	373	18730	3.1
347	399	397998	3.1
350	318	9833	3.1
350	350	73269	3.1
355	355	691587	3.1
363	391	288110	3.1
363	399	1993692	3.1
370	399	0	3.1
372	372	0	3.1
372	399	0	3.1
386	391	5	3.1
387	387	55526	3.1
387	399	613196	3.1
404	255	127130	3.1
404	318	24651	3.1
404	350	102904	3.1
404	399	55374	3.1
418	304	373538	3.1
418	382	119280	3.1
418	399	583296	3.1
431	373	954271	3.1
445	373	0	3.1
453	304	1242868	3.1
453	373	718	3.1
460	399	4524	3.1
464	373	36	3.1
12	12	5240	3.1
12	216	231550	3.1
37	37	14302	3.1
37	118	9679	3.1
38	404	20704	3.1
51	416	0	3.1
55	404	189675	3.1
56	132	14009	3.1
68	196	3080352	3.2
74	416	362474	3.1
78	78	0	3.1
86	133	1305950	3.1
86	181	2768234	3.1
90	130	5330	3.1
99	460	181086	3.1
106	10	48797	3.2
106	118	37030	3.2
106	143	1798818	3.2
106	159	72425	3.2
142	142	2170	3.1
143	106	67	3.2
156	156	29329	3.1
159	45	111792	3.2
159	106	86	3.2
159	123	24346869	3.2
181	86	5202	3.1
181	133	128879	3.1
210	159	307771	3.1
218	86	18091	3.1
218	133	141768	3.1
218	181	333914	3.1
220	416	548179	3.1
220	450	1140860	3.1
220	467	3219113	3.1
222	118	5842	3.1
223	142	2606	3.1
292	159	5	3.1
298	132	17911	3.1
334	159	30214	3.1
373	45	77432	3.2
373	123	20269893	3.2
378	441	36307	3.1
385	130	1597	3.1
391	10	97616	3.2
391	86	3645184	3.2
391	87	58300	3.2
391	118	28530962	3.2
391	127	361793	3.2
391	177	1690787	3.2
391	204	30950	3.2
391	218	3470386	3.2
394	87	44012	3.1
394	118	87271	3.1
399	6	1067603	3.2
399	67	436975	3.2
399	87	365223	3.2
399	91	2235665	3.2
399	106	3674731	3.2
399	123	14419574	3.2
399	125	90	3.2
399	127	6984511	3.2
399	138	51	3.2
399	168	211049	3.2
399	169	3605	3.2
399	177	17752418	3.2
399	197	1815457	3.2
399	204	123753	3.2
399	214	2015508	3.2
412	25	856544	3.1
412	28	1130023	3.1
412	48	1129767	3.1
412	88	3297990	3.1
412	143	7832220	3.1
412	150	854989	3.1
412	166	1129994	3.1
412	173	711231	3.1
412	178	841117	3.1
412	185	826131	3.1
412	217	2231759	3.1
441	441	0	3.1
445	445	0	3.1
450	118	101674	3.1
460	460	2279	3.1
464	464	156	3.1
12	399	1887	3.1
78	258	0	3.1
86	304	5597152	3.1
86	391	291906	3.1
86	399	1874202	3.1
90	385	4943	3.1
90	399	7235	3.1
106	304	4205344	3.2
106	399	1765317	3.2
142	399	3324	3.1
156	399	44815	3.1
159	238	12212	3.2
159	246	3041748	3.2
159	337	2576756	3.2
159	386	3296624	3.2
177	416	67017	3.2
181	399	11859	3.1
210	292	666165	3.1
210	373	152836	3.1
218	304	543034	3.1
218	391	12889	3.1
218	399	37637	3.1
223	399	3673	3.1
230	230	0	3.1
230	399	0	3.1
265	265	10	3.1
265	391	5	3.1
292	292	30	3.1
294	294	166765	3.1
294	304	86015	3.1
294	399	84630	3.1
298	220	9870	3.1
298	298	10994	3.1
298	399	28457	3.1
303	303	953	3.1
303	399	3882	3.1
304	351	245252	3.2
334	334	749	3.1
334	399	17734	3.1
373	337	296428	3.2
373	351	6200	3.2
373	374	206059	3.2
373	378	29283	3.2
373	401	3011022	3.2
385	385	1210	3.1
385	399	2406	3.1
391	220	3869254	3.2
391	336	260015	3.2
391	351	12858	3.2
391	369	5381	3.2
391	374	16605	3.2
394	394	4283	3.1
399	252	102008	3.2
399	263	1818990	3.2
399	296	4191655	3.2
399	312	439292	3.2
399	337	435916	3.2
399	343	185782	3.2
399	351	2997441	3.2
399	355	1887810	3.2
399	359	5339866	3.2
399	383	192970	3.2
399	401	3097626	3.2
412	220	917225	3.1
412	248	5198315	3.1
412	304	15354609	3.1
412	309	1573506	3.1
412	319	15580040	3.1
412	361	990478	3.1
412	373	817521	3.1
412	399	917234	3.1
416	304	18170710	3.2
416	336	1807105	3.2
416	343	540834	3.2
416	383	926615	3.2
428	391	3554	3.1
428	399	990	3.1
428	428	5397	3.1
438	391	0	3.1
439	304	26902	3.1
439	391	26902	3.1
450	399	984	3.1
450	416	984	3.1
459	304	49166	3.1
6	6	154158	3.2
9	9	295843	3.2
9	68	16830	3.2
9	118	432412	3.2
10	106	4404	3.2
10	118	120744	3.2
10	196	4661229	3.2
45	159	0	3.2
67	67	208	3.2
74	74	151	3.2
74	118	484	3.2
86	86	945687	3.2
87	87	120502	3.2
91	91	13	3.2
91	98	307175	3.2
91	197	155027	3.2
98	91	1296374	3.2
98	197	1114709	3.2
106	444	2647712	3.2
108	118	0	3.2
118	9	27989511	3.2
118	10	24377	3.2
118	23	728521	3.2
118	68	21739492	3.2
118	74	1491	3.2
118	106	1450	3.2
118	108	6438	3.2
118	124	34967	3.2
118	132	262389	3.2
123	123	217838	3.2
123	159	283437	3.2
124	118	32774	3.2
124	124	23684	3.2
125	6	492506	3.2
125	125	30	3.2
127	127	7931	3.2
138	138	590811	3.2
159	444	29476548	3.2
168	168	0	3.2
169	169	224	3.2
196	10	131750	3.2
204	127	268942	3.2
214	6	1290585	3.2
214	125	227010	3.2
220	6	2830	3.2
225	118	0	3.2
238	159	0	3.2
258	87	3218	3.2
258	106	14627	3.2
304	454	47610	3.2
310	118	80069	3.2
337	136	1130748	3.2
337	159	16944113	3.2
341	118	76269	3.2
342	9	148918	3.2
342	68	10	3.2
342	118	203745	3.2
344	9	535	3.2
344	118	315	3.2
351	118	213421	3.2
352	118	650	3.2
359	118	48546	3.2
366	118	1882	3.2
373	441	65590	3.2
374	118	109333	3.2
391	438	659254	3.2
393	118	0	3.2
399	429	320381	3.2
399	444	10022543	3.2
399	452	19024	3.2
399	454	174117	3.2
399	455	1819281	3.2
416	1	941501	3.2
416	106	488769	3.2
416	143	8019276	3.2
438	438	0	3.1
439	459	73394	3.1
446	9	505193	3.2
446	68	3892	3.2
446	118	769334	3.2
447	118	0	3.2
454	118	0	3.2
459	439	21951	3.1
465	465	0	3.1
6	214	74915	3.2
6	220	117119	3.2
6	399	41698	3.2
9	342	16525	3.2
9	344	19349	3.2
10	391	8794	3.2
67	399	69	3.2
86	218	898735	3.2
87	258	107694	3.2
87	391	0	3.2
91	399	76792	3.2
118	225	8680	3.2
118	310	408127	3.2
118	341	48523	3.2
118	342	4081347	3.2
118	344	45344	3.2
118	351	517498	3.2
118	352	4636	3.2
118	359	229716	3.2
118	366	381	3.2
118	393	80218	3.2
123	373	143622	3.2
123	399	111793	3.2
125	214	314292	3.2
125	220	202264	3.2
125	399	497397	3.2
138	304	1772387	3.2
168	399	0	3.2
197	197	0	3.2
197	399	0	3.2
204	336	198115	3.2
204	399	179092	3.2
214	214	840552	3.2
214	220	519510	3.2
214	399	1707265	3.2
220	359	20528	3.2
225	225	0	3.2
236	364	3093871	3.2
236	373	3697775	3.2
236	399	2383324	3.2
252	252	0	3.2
252	399	0	3.2
257	391	31720	3.2
257	399	352186	3.2
304	386	1309955	3.3
337	242	2376001	3.2
337	304	2914542	3.2
337	337	1067650	3.2
337	373	15365303	3.2
337	399	198988	3.2
341	341	37009	3.2
343	399	6302	3.2
344	312	0	3.2
351	304	214319	3.2
351	310	34644	3.2
351	351	1266639	3.2
351	399	178364	3.2
352	352	1406	3.2
356	356	0	3.2
359	220	5733124	3.2
359	359	598729	3.2
359	399	9996525	3.2
362	362	0	3.2
362	399	0	3.2
363	363	101092	3.2
366	366	484	3.2
369	374	77	3.2
369	391	25	3.2
374	369	1312	3.2
374	373	0	3.2
374	391	20	3.2
383	343	100419	3.2
383	383	14350	3.2
383	399	457886	3.2
393	393	0	3.2
394	258	37200	3.2
394	399	5269	3.2
416	204	210149	3.2
429	399	0	3.2
446	342	40067	3.2
452	399	0	3.2
454	304	21738	3.2
466	373	46451	3.2
466	399	320564	3.2
1	1	1440456	3.3
1	143	2224378	3.3
6	118	0	3.3
32	32	40718	3.3
68	9	14292555	3.3
68	118	30920146	3.3
68	130	2217764	3.3
69	69	0	3.3
114	452	6009	3.2
118	446	7242371	3.2
118	447	39027	3.2
118	454	46667	3.2
118	1	505952	3.3
118	6	925	3.3
118	130	8318223	3.3
118	184	13350	3.3
118	190	698512	3.3
118	201	564	3.3
130	9	8077833	3.3
130	68	2009747	3.3
130	118	14730364	3.3
133	159	421	3.3
152	152	205	3.3
159	133	2044	3.3
169	399	126	3.2
184	118	3201	3.3
184	184	9044	3.3
189	189	76615	3.3
190	118	553234	3.3
190	190	383592	3.3
190	220	180230	3.3
193	143	3320081	3.3
193	193	1228855	3.3
201	118	0	3.3
201	201	0	3.3
204	416	88726	3.2
208	208	1353	3.3
236	236	272305	3.3
287	159	12342	3.3
304	450	616007	3.3
304	20	17018	3.4
304	107	24402	3.4
304	183	6230	3.4
310	189	28847	3.3
343	416	1970	3.2
373	20	43617	3.4
373	50	119496	3.3
373	113	622107	3.4
374	189	112633	3.3
383	416	15521	3.2
390	118	0	3.3
391	1	365349	3.3
391	32	717	3.3
391	40	35097734	3.3
391	69	7930	3.3
391	108	3447027	3.3
391	143	99428784	3.3
391	164	12019195	3.3
391	236	353337	3.3
399	29	485198	3.3
399	32	63343	3.3
399	40	8807081	3.3
399	69	61	3.3
399	146	12915105	3.3
399	152	122381	3.3
399	189	148675	3.3
399	208	3088495	3.3
399	236	884831	3.3
401	159	22957350	3.3
416	416	21431527	3.2
416	118	21028519	3.3
416	127	4946573	3.3
416	193	1196	3.3
416	220	12657979	3.3
422	118	32445	3.3
427	177	0	3.3
429	429	0	3.2
440	118	0	3.3
446	446	1701	3.2
447	447	0	3.2
452	452	0	3.2
454	454	29038	3.2
462	1	479552	3.3
462	118	83264	3.3
1	289	1353304	3.3
1	304	7162154	3.3
1	391	294404	3.3
1	399	28917390	3.3
1	416	2337697	3.3
29	287	481220	3.3
29	391	41280	3.3
29	399	521926	3.3
32	391	16723	3.3
32	399	73739	3.3
50	373	282304	3.3
68	342	2073170	3.3
118	390	486307	3.3
118	422	821533	3.3
130	342	1169778	3.3
152	399	139	3.3
159	345	4704	3.3
189	310	109026	3.3
189	399	41887	3.3
193	399	15005194	3.3
193	416	3104	3.3
208	399	1766	3.3
236	391	0	3.3
238	312	0	3.3
300	300	98186	3.3
300	373	1765	3.3
304	364	1819546	3.3
304	413	44422	3.4
304	416	1762973	3.3
332	332	2762594	3.3
332	399	632584	3.3
332	416	386186	3.3
345	345	2	3.3
349	349	5332	3.3
349	399	5332	3.3
373	345	1692009	3.3
374	310	170762	3.3
390	390	0	3.3
391	257	664837	3.3
391	276	11696904	3.3
391	295	20867832	3.3
391	346	9142424	3.3
391	364	1819274	3.3
391	416	3529585	3.3
397	349	883154	3.3
397	399	862413	3.3
397	405	1075461	3.3
399	257	334937	3.3
399	289	458565	3.3
399	295	1312069	3.3
399	332	2431080	3.3
399	345	1421	3.3
399	347	246260	3.3
399	349	4013675	3.3
399	356	150141	3.3
399	362	1330022	3.3
399	400	164866	3.3
399	405	5221869	3.3
399	419	30787	3.3
400	399	2	3.3
400	400	2	3.3
401	239	2249481	3.3
401	249	2013015	3.3
401	304	3682576	3.3
401	344	1460039	3.3
401	373	19371167	3.3
401	399	1451278	3.3
401	401	11	3.3
405	349	249268	3.3
405	399	300076	3.3
405	405	225277	3.3
416	329	277874	3.3
416	332	2124590	3.3
416	373	1075371	3.3
416	386	1258164	3.3
416	391	962465	3.3
416	399	127985899	3.3
419	399	1	3.3
419	419	1	3.3
454	399	3850	3.3
462	304	134	3.3
462	391	134	3.3
462	399	528635	3.3
462	416	156054	3.3
16	16	7	3.4
16	118	86921	3.4
20	20	116177	3.4
20	118	114843	3.4
20	123	1741081	3.4
20	132	292300	3.4
20	143	3337761	3.4
20	159	20287580	3.4
27	27	6750	3.4
46	46	0	3.4
46	159	0	3.4
54	54	36571	3.4
68	446	3585389	3.3
92	100	31688	3.4
100	92	63477	3.4
100	100	95165	3.4
107	107	305036	3.4
113	113	101419	3.4
113	159	352199	3.4
118	440	286939	3.3
118	16	11672	3.4
118	20	7990	3.4
118	137	116956	3.4
118	155	2423	3.4
118	180	35585	3.4
128	128	17331	3.4
128	159	8692	3.4
130	446	2019015	3.3
132	20	88104	3.4
132	118	141656	3.4
137	118	1216	3.4
155	118	0	3.4
155	155	0	3.4
158	158	50	3.4
159	20	295476	3.4
159	27	59783	3.4
159	46	1340	3.4
159	113	1435193	3.4
159	128	44283	3.4
159	183	250962	3.4
167	167	0	3.4
177	427	14837	3.3
180	118	0	3.4
180	180	0	3.4
183	159	0	3.4
256	118	1	3.4
258	54	93211	3.4
281	118	430175	3.4
287	427	32896	3.3
300	118	445	3.4
327	68	179708	3.4
327	118	1811357	3.4
354	118	0	3.4
373	445	673552	3.3
391	450	1468634	3.3
391	451	2160618	3.3
391	454	8564	3.3
391	29	1211897	3.4
391	54	95891	3.4
391	107	865918	3.4
391	183	11863	3.4
399	445	265551	3.3
399	462	57	3.3
399	466	697628	3.3
399	20	973420	3.4
399	27	19157	3.4
399	46	1532	3.4
399	54	316603	3.4
399	92	168532	3.4
399	100	453912	3.4
399	107	28185	3.4
399	113	211420	3.4
399	128	24500	3.4
399	158	122848	3.4
399	167	14553	3.4
399	183	1169194	3.4
416	450	6584811	3.3
422	422	64029	3.3
427	20	3414	3.4
427	92	2711	3.4
427	100	34400	3.4
435	118	23225896	3.4
440	440	0	3.3
462	462	98	3.3
20	287	121274	3.4
20	304	105815	3.4
20	373	10023448	3.4
20	391	12052	3.4
20	399	7892385	3.4
20	427	466263	3.4
20	457	3485678	3.4
27	399	961	3.4
54	413	249227	3.4
69	399	405971	3.4
92	399	63012	3.4
100	399	518926	3.4
100	427	60765	3.4
107	304	132441	3.4
107	391	156827	3.4
107	399	280357	3.4
113	399	7791	3.4
118	183	51654	3.4
118	256	194478	3.4
118	281	762621	3.4
118	300	468648	3.4
118	327	296530	3.4
118	354	37742	3.4
118	435	137	3.4
128	399	10162	3.4
158	399	14606	3.4
159	287	130097	3.4
167	399	0	3.4
183	183	0	3.4
183	399	0	3.4
193	322	130	3.4
211	211	106311	3.4
211	399	54335	3.4
229	399	256266	3.4
256	256	1	3.4
258	353	13134	3.4
258	413	171220	3.4
273	273	2909	3.4
273	391	1001761	3.4
281	281	195404	3.4
287	208	1086680	3.4
300	399	30754	3.4
311	311	0	3.4
311	399	0	3.4
312	238	1237546	3.4
312	312	675126	3.4
312	344	1238003	3.4
312	399	3719617	3.4
322	193	1131542	3.4
322	399	3560480	3.4
327	327	54001	3.4
327	399	2013	3.4
353	258	508	3.4
353	353	14154	3.4
353	399	1667	3.4
354	354	0	3.4
373	300	451073	3.4
391	247	22807708	3.4
391	363	4283186	3.4
391	413	172560	3.4
399	211	828646	3.4
399	300	5353	3.4
399	311	12336	3.4
399	316	6718090	3.4
399	327	7794	3.4
399	353	1339672	3.4
399	363	1713739	3.4
399	413	1165603	3.4
399	416	40009706	3.4
413	399	0	3.4
413	413	0	3.4
427	287	80739	3.4
427	391	7923	3.4
435	399	19888783	3.4
435	435	178	3.4